-65.44219313800292
-59.33502404475142
-30.187986500921042
-133.9960540654527
-149.46913342685477
-80.82875350320352
-50.112258856504766
-131.08339798108204
-163.30518703129076
-162.15886534141913
-157.85579757262093
-158.1117425810942
-205.20805486541386
-105.415492565331
-41.03826791640771
-113.82365743571123
-130.8173992533992
-100.76375212798092
-102.82089036231999
-191.11378910539202
-203.31801562769274
-157.57527983653284
-224.84568958655154
-258.8431658309145
-103.25980480383595
-63.53230195656635
-217.9589567759972
-197.86142249044886
-65.08965176998352
-80.30850189049163
-143.96090379649266
-199.7535077140782
-209.62771421073873
-220.20590565506222
-222.0872408843286
-104.25907659802631
-123.21326248405369
-149.81771805180287
-99.74551301081429
-97.59015385614731
-97.11270260016319
-186.40150312313952
-236.56752402360573
-229.4188228682187
-103.80838058723009
-84.82373803814006
-198.56393870058315
-128.80799050093196
-65.20513731139448
-160.59543356998893
-159.58162714126834
-123.07051507200637
-136.6276344261737
-158.6634902239177
-160.71237751195684
-172.96177673899416
-158.5480273425529
-149.56503545707284
-126.38311831081789
-108.3711986231504
-108.37119862315012
-25.892237777942885
-47.68586427159348
-125.89312980396383
-187.24728451591633
-92.16452442810005
-149.1301610503857
-248.71780994977127
-256.3994771971754
-261.87133671146006
-204.47268261906757
-90.72052096275192
-177.82875959873223
-200.4363538945619
-222.11954853338545
-230.60901719748534
-40.65954788855294
-19.647199949443706
-65.89538404188349
-84.04476086283721
-181.16012319641243
-262.22276275251005
-266.52660947047787
-263.0094361692519
-238.63699056677825
-153.74996054412983
-116.56974327229653
-94.54106209773752
-88.56774342677235
-202.35218719837232
-199.02393255965487
-186.35466683435013
-186.3546668343499
-37.1562285802232
-199.06474160983333
-277.74552512356485
-165.5846601873422
-164.7365666899426
-60.91364792002904
-125.70869053620711
-183.98723498656616
-226.33205073516368
-117.1593435100461
-67.72363962544573
-178.44979991908406
-234.0215993618959
-110.83181979821258
-81.69171223137495
-163.2116370627138
-218.31468080892841
-113.06171204300763
-32.42070410302483
-32.42070410302574
-114.52804242860238
-112.37212677433926
-145.59253163852222
-145.0618847475769
-108.79025871584858
-114.05749336528159
-120.34125147327369
-60.58734009452649
-170.52990466542693
-215.92118099111795
-78.90507818610186
-60.41508714542359
-187.3157668644187
-183.3598691016709
-208.25760500942346
-198.68892859044172
-200.31194038388463
-202.39978401121135
-183.1613844348891
-172.05694301582727
-230.88973251195966
-252.8594445350027
-225.64979436547077
-218.08016683996473
-200.693972199661
-196.40723214405998
-98.40304346198948
-96.2008447061828
-171.7876768485246
-143.7020153953907
-119.54051145829801
-173.5013591013452
-200.76507565193566
-202.76931448773354
-235.9951234713571
-146.76959059888296
-106.60655049219018
-110.58329346167866
-168.40575564273368
-186.1774915962938
-181.23572497765866
-179.40511935904954
-137.4942030998022
-166.45889987754745
-193.1018832702851
-186.49798008219258
-189.39864935928836
-202.68415068511658
-205.2602611603729
-177.3536343664728
-129.3499119009922
-124.51307511837086
-149.93379160232985
-190.86568912195926
-207.92398391382636
-213.5398287617168
-93.85500225117578
-80.732777999959
-98.30243199429421
-83.1431138356043
-72.3221290166748
-170.3106115778668
-118.16248334213644
-147.4433207311222
-208.01674803147853
-204.5112273055216
-212.9124945282541
-173.76238514496725
-148.05821978387448
-132.1939848569982
-129.50379936269098
-149.9534761999578
-155.4485489036755
-217.5558791090593
-235.80395137493412
-69.00272950347438
-61.709321614013206
-56.29381452542937
-163.831971717485
-166.75153687918603
-61.67510677937358
-56.63153633898302
-126.33153850157355
-132.82139969519346
-182.78636956467494
-183.43433393180518
-145.03948701956543
-233.9209188329975
-235.41019072516576
-44.77173452760075
-40.003471089569445
-211.10658448148038
-104.51822500632059
-79.66880706923567
-285.24320873810524
-137.58393422145664
-99.30277064562517
-128.1430560640531
-135.6102316601617
-223.74268633508154
-241.20076342470182
-165.11084305294366
-225.79570431102584
-171.35327157353137
-142.2551322473017
-44.225312561959726
-30.247756666116445
-77.80305537502198
-173.32287310508096
-152.6939184002067
-72.66516462520138
-71.83721453703168
-72.69495649878994
-138.68513309256647
-198.52794428086
-212.53517605974352
-198.50113150151648
-259.07494880735857
-230.0658005074336
-156.92237664784042
-108.45697602087965
-178.89170392391142
-179.2703514478743
-254.9509268171314
-199.55569752359722
-150.76775116952257
-49.829121247239385
-29.49863090202338
-163.149019773102
-158.23594327711928
-145.1382493311785
-72.83657849455125
-33.41795395570086
-16.015334817719058
-21.712931689783723
-22.011390208211076
-90.59758752330465
-193.74844423492334
-228.3369688713089
-186.8503225990136
-171.67785532174477
-142.86015943905355
-115.19478085883226
-219.17384286943118
-244.43045216146103
-245.07383397976838
-189.6119060660594
-170.67170996824782
-207.45233397650964
-214.38586934144857
-157.8503863383825
-96.11643931311013
-83.92319437409117
-53.33695885391617
-39.71790447524979
-120.34073326554984
-110.36955098727873
-118.03127608016787
-109.66829671917905
-133.16695151896369
-134.70763608636355
-143.4254683426201
-113.93718186150237
-78.33086766358338
-95.58053735727138
-126.29359034154338
-130.61017436062193
-124.65465406810252
-63.4777109968052
-52.81060961015041
-148.60111574464037
-230.43932318837594
-248.29390078460926
-181.37556378395888
-170.87870311845208
-182.12885718589538
-185.62750149830353
-103.56000307825711
-64.36685627461254
-73.74537122978104
-88.00167491556067
-109.00877726045825
-56.60982243789069
-111.06114496136378
-123.61366828672283
-282.27418856159716
-217.36452095797318
-170.9934159248361
-226.46809075601482
-127.5469782180055
-42.260714700684204
-98.32484336003597
-181.02460070038575
-181.02460070038578
-116.05085025009677
-112.07484339372846
-110.80508248450502
-113.20109245971571
-92.48991149268296
-94.2384531482042
-112.17820095837355
-113.21480343183832
-234.4387329411599
-262.00292576576726
-137.4114737088969
-160.16128109726407
-175.2114779475199
-175.31726653617622
-95.64854652007894
-9.737404938806435
-93.52369254565464
-199.97261670222105
-129.9444138675231
-74.74676005730254
-96.28391460421116
-130.06904925327038
-219.40315955762654
-255.50535063721088
-215.86526312107534
-204.49131869240142
-199.36357852067172
-218.38657840413134
-48.74292581495882
-40.707488514113756
-42.086714045956285
-46.3310289050761
-166.81170841418142
-205.04952301529173
-212.50424897673142
-100.90038851474448
-152.93965042571978
-139.400810036616
-129.3537956960035
-220.69937551207423
-173.56103074766506
-88.86098713665207
-208.54414231552676
-224.78179868492032
-156.87812947043165
-95.23960584725407
-117.40394352646553
-119.9181028150945
-123.98435029559873
-194.55829086184283
-120.12701291827247
-96.18116822821314
-111.31910882676769
-26.244452336828516
-93.14298541061282
-115.99522639928115
-169.09893426866586
-185.30994913096978
-117.71534988946287
-118.27596403159984
-161.2665882958009
-121.77143932859644
-97.31289943822848
-163.4763985853548
-164.017524931628
-155.27382257894305
-72.36068689449358
-72.90854431315783
-190.1199208245326
-107.58886870636444
-90.98586901117717
-51.530421440862426
-43.13296558428569
-44.803705847027246
-149.41602767327336
-203.0854867050012
-126.61061556883539
-114.74122345385452
-241.11738155047988
-246.24747582709665
-242.20390935855704
-135.8266664565468
-177.60968305872464
-174.48672045516972
-142.92521887389785
-99.2064211299872
-96.8976019454937
-191.11380680421425
-183.92625426163625
-179.63371074134213
-199.53895734315267
-199.54825203985234
-210.2538048158013
-210.75514077428647
-297.02578989703323
-250.83959451661661
-187.61798404171174
-178.58157446491927
-206.71011669179032
-171.12209056548954
-97.55530744878246
-86.47639686080483
-84.21120215318092
-100.63499168595116
-96.92386371390441
-89.48567297322099
-72.34416417263782
-30.01843255496881
-182.48734440926617
-189.09970046560753
-112.47759643199868
-70.9545184384912
-49.12009274471021
-184.92631922194224
-109.76972646457195
-63.88746017313924
-94.17688867532975
-107.3388715810349
-53.24915655022865
-31.03706259720351
-231.26686150129044
-135.91614857174164
-57.25299750042066
-12.07422180347194
-63.303098696234976
-71.47103265441226
-68.34015860093548
-240.2877576768868
-196.4856752481543
-183.85111350854095
-205.0876160673849
-127.67911916839425
-77.34766265289429
-61.768427225670465
-125.4354384514639
-150.98133701051367
-98.51409031355648
-83.61737215678494
-115.67472386654644
-42.646439505511196
-30.269934828084754
-125.39209461418993
-269.12746930270333
-312.576360486421
-242.14519548713056
-227.882778202028
-188.59538743397323
-155.2510675954161
-135.19462514180927
-233.30873225666087
-225.65343636789632
-104.63943488685814
-68.19985398090691
-138.16875616644828
-185.22050211901066
-150.87164794975456
-88.37727577861719
-195.5247802530463
-88.30032598935442
-43.33697155804825
-113.35824080549493
-123.10310139513355
-147.84118169104718
-140.55565906396782
-81.3879529627395
-77.44535545714712
-165.52333065355467
-169.18872979329942
-189.68318561075634
-209.49819954635225
-142.12136619832964
-128.39055655918725
-113.28366255919155
-146.87372585948017
-146.94096221214127
-184.3301905941893
-122.47891503550805
-78.43678194328774
-146.6671256431345
-144.67636810775875
-224.74360115322398
-230.9658400869215
-164.94897590392526
-47.29209209825327
-101.71029855685303
-210.39098456707572
-249.51773504112845
-248.86219716027006
-215.18001114486808
-178.2781693852153
-117.9261679935028
-130.76100346442226
-135.3622690879344
-97.93983929116116
-107.36979615759775
-130.30440889938362
-161.3377165699708
-250.69427793779167
-159.04699021596923
-57.95583457877248
-39.47257625961202
-15.748330258761719
58.96566552662252
58.96566552662253
-75.72188337800755
-143.47749774365082
-203.18282554285707
-180.33860435579388
-84.97447263917734
-125.54083384771366
-163.6286791900169
-212.53097598238483
-110.2236255660343
-147.88624437668952
-172.97916344035315
-194.33107573671853
-198.31826435851332
-201.1835062444717
-231.43713068657874
-224.63054050606624
-170.39309759365747
-107.69297388562964
-89.46163902479398
-50.02297367799929
-45.1613534342653
-217.24643137408498
-224.6230541684165
-113.44140901751928
-207.23281282976143
-242.1689603483425
-246.31979062164936
-251.2424198024543
-187.27594442539603
-163.1926505906187
-224.43157286169134
-234.39635597060987
-243.93180630534636
-151.9485617877189
-115.66593825467592
-124.34187260454115
-93.37205209220268
-76.7067849901578
-114.79409897932337
-102.47754027214081
-195.7411226109314
-171.29787369211587
-153.1344568439792
-116.4403968878946
-98.33435544456431
-155.6521445157546
-131.37905685942803
-88.35808189010211
-114.87906437976868
-82.1897291366202
-55.716836011482904
-93.73975805677739
-100.66855577577427
-139.2972362807034
-192.87500708014844
-124.79366569936872
-109.41804929835322
-93.87295203581516
-82.03947462874129
-72.3144437549573
-122.22210333211413
-138.84133557635724
-83.84428907411086
-153.09391199469306
-152.70326854634865
-186.23982322220232
-192.09843109550138
-242.65083331664346
-277.3919665966823
-258.9952745708729
-182.96405056031173
-161.96231324287032
-95.81495272422323
-140.748265903633
-168.96991166415918
-203.23829130154064
-278.48016666143286
-187.20383352667682
-183.77702439821124
-182.15954642824937
-46.97617886347228
-44.32528651524668
-145.90703600102447
-171.85089024817105
-171.81262340728097
-99.35316006917678
-77.86799696932393
-105.23764659898741
-114.24109137253876
-205.19645024444094
-172.27052078316297
-146.09613153322005
-122.94608380165214
-116.25924716797306
-99.34417129234406
-95.58310527137643
-171.25656981067186
-182.6384496034803
-187.1828807006553
-94.94835218786018
-74.57775620011428
-104.13362724307324
-118.58034445618115
-124.69141818434915
-227.16390460040884
-227.57019627840958
-116.14340114856796
-130.5634576373624
-170.27386641672518
-153.37575847505295
-204.60311370090625
-89.09781592166186
-25.580063731107536
-213.08209906161744
-255.4869813765987
-278.8550924407593
-67.60264360154929
-104.63947790242149
-115.50773078075427
-176.74098871890627
-139.9687123393274
-112.53404926702201
-143.27056682611786
-136.8694038550383
-135.30524364555694
-183.47636576661847
-114.89788319997344
-179.1754803154792
-171.8072924589948
-105.01111461998556
-164.1237047867636
-198.63895283913612
-165.23554068875134
-164.25827997319928
-100.53295735109442
-91.74903179697989
-153.22699886779012
-157.2685255771136
-168.2972528664509
-112.1779008459519
-16.667107006363562
-156.66676274159994
-164.61921368071276
-117.61915592865546
-90.59722915040254
-122.28210520482209
-138.8818067163252
-177.60849637716848
-177.00922551162157
-169.59276336441874
-118.7129605398124
-44.65553023456854
-187.89361799442833
-213.2511778842533
-187.0222457791724
-184.05113745131146
-152.43596649294113
-85.87322191030239
-241.59507456289126
-156.46203393951689
-77.20475135943255
-44.73041980842504
-161.12301247919794
-219.8613182637428
-233.56541548315465
-126.54249710534835
-122.92298502666407
-179.1866680262412
-207.86476475726295
-209.51668574454783
-163.1307320751108
-161.31866674005877
-132.0792023122912
-128.76684341302254
-189.67583901614842
-187.7460018431324
-191.53913700121612
-193.8141877188987
-191.6787926736002
-163.74605094894832
-114.62016190646978
-140.81581058620728
-209.11799943011732
-178.31235346594931
-185.78913474937576
-194.00768014675344
-117.0911045554408
-100.27278498411903
-106.30768521965005
-106.34129397626663
-174.08719410025574
-175.4583281328419
-100.52561070492511
-196.25899943946555
-250.04262510259366
-273.21649486631884
-195.2467394617978
-180.2789648301465
-83.04561525941631
-29.451693349599793
-216.3773202175835
-157.16089967401663
-126.29547286154246
-225.26274887234973
-146.68971292824483
-59.79537715593883
-48.1211054305992
-159.30157193748937
-163.54659501063313
-194.46875195677114
-243.4138676033499
-251.18043053977752
-224.90349095122318
-210.40434048510429
-264.6661147204777
-275.11465355665047
-61.845939424378855
-58.599488192141706
-137.78661421904496
-135.60424582522427
-54.13395135531763
-85.00185179589504
-194.8684151637934
-65.95804414656895
-81.97085282848195
-177.5482163669806
-226.6295064674361
-125.77509711922121
-106.39621508281144
-138.20846266315235
-146.74898563141727
-211.537544505591
-218.25033773990722
-125.48188252918541
-109.65784746539487
-279.9784760947363
-223.08049408372042
-110.14856926539903
-87.18004798233237
-172.74324769446758
-125.30924653923873
-107.98009460314206
-154.8068545912259
-80.68886090130609
-44.110568029123804
-92.23166173323573
-159.79110622358243
-171.89529168787234
-157.36639912705866
-201.1852362557409
-219.88486408952016
-59.691262063652076
-25.049904435922254
-110.06446181384995
-70.01916074719898
-35.9332597061967
-156.5844105604497
-211.61006618919873
-125.55934107390839
-146.7913167468763
-144.81591640124145
-121.24680044033309
-100.67590372376708
-97.08589068488143
-194.17701119548317
-171.0260941179936
-93.91005561750451
-81.73736985350824
-129.66547862788323
-152.08829332530527
-157.05578358476967
-218.45824285276004
-220.62367897094643
-210.8725066921563
-105.05629881859626
-71.45293856629635
-188.2638121441519
-213.48592160379357
-143.41915409165813
-229.5913840139019
-208.44797473658585
-176.9336582990516
-123.63795553702143
-123.33874286024766
-66.29505755505801
-66.56437928810544
-67.36470677788739
-136.63328606746254
-122.47513458551926
-141.8648042402451
-196.86361444255974
-104.95385469681389
-212.82344804687867
-245.14663449730358
-251.5780799666403
-217.84341324914612
-178.76053970692197
62.36529804173666
109.22996093575452
-127.95679969084085
-168.10344747864153
-180.21525208384188
-154.80611515237788
-155.1736435645601
-165.43009468553623
-61.70049802537175
-59.11879143336231
-249.20339167588415
-266.1542715625544
-95.18304648216144
-89.67904543302318
-174.8757836196221
-134.58063553930964
-128.9297926227701
-142.52975158896328
-158.38811291696146
-130.57343577051284
-142.41591863727956
-206.06741989002526
-94.39573544319786
-171.72464223988587
-261.50540562703236
-170.41704967539178
-180.3853893743822
-209.57974897174608
-215.17051594969024
-260.1917845039031
-174.33766806542988
-99.92874733114031
-122.79037528793694
-130.22469694728707
-130.0587119785055
-99.7186821292172
-29.648809348074057
2.3860791310062535
-144.0915824638886
-177.85393603954634
-70.03044749446482
-67.37569486728006
-134.18413191985826
-81.49759389046278
-48.267484405163316
-205.59005093434672
-215.79186883423918
-230.37934933167372
-221.16298296523956
-211.79189455312024
-187.29506789406088
-175.41027736656542
-97.85702938802322
-90.6693392919569
-162.53131163460114
-156.91549319702256
-143.60830514656934
-85.46058187402815
-67.36329526608661
-118.62402773660656
-127.50600356777353
-137.07795771598649
-186.69052658198143
-234.8195588372032
-268.0074896961221
-236.51326869017225
-225.46543885242184
-202.91925451684523
-198.3551378569837
-125.78196639375366
-119.14864365091736
-233.6739222162575
-217.39686372058455
-201.3809687273707
-216.83273816745438
-133.02131276889554
-213.45679660908294
-253.62395871158336
-121.73496841208988
-115.00575794612453
-84.46003184375236
-83.09742935869741
-94.10404058350431
-91.01431219570641
-253.7489303692996
-207.75779879130246
-146.24814912992323
-173.24966470569635
-184.85936097593768
-195.88120558107096
-221.431547224417
-135.73257106466448
-122.90942331209622
-117.10006547898605
-83.54325079946906
-73.45926184019419
-109.17410344206507
-118.22687874686271
-236.62000800077092
-130.40667572572062
-177.79475463398563
-219.3752709719786
-207.19810544743981
-189.22855701933284
-190.68327520960335
-196.51724517901545
-158.37655078008092
-185.54159061781667
-165.18663769416867
-150.97021550151905
-50.49838390632306
-49.929701595393496
-68.80389614736642
-70.36480539395065
-207.13857789902517
-167.77099365555932
-112.0558777422043
-73.98303986052156
-155.08398534850846
-171.86699640279144
-178.35774638490744
-125.69184038383993
-112.64343708962522
-94.27013085053441
-107.35428592639701
-198.60929863413665
-185.4112222015937
-120.06280514859642
-151.7046522064607
-153.95850970956735
-227.14304615983946
-237.05097198088652
-250.26876184586567
-271.62154432831784
-248.18218043512448
-236.43160336958854
-209.55569579929298
-152.538093965322
-135.4326426236826
-212.75235443354038
-152.44568401310994
-129.45601516679102
-149.79606133935755
-82.05329591220367
-94.72508711754753
-136.75430999909284
-141.90704765887986
-140.4056259809889
-134.7280676799351
-127.13927396018613
-40.969467819877565
-32.566075457439766
-195.09718953357503
-203.63320779970346
-150.70916403198007
-213.04834899920087
-255.4033699624037
-165.60083225768042
-113.64687838999127
-112.25950017030664
36.06639838079392
147.45003909520713
-234.62273321052706
-227.15474756748463
-129.3092536966151
-175.09425651962079
-134.68263292036673
-161.39482431933195
-190.82083458999952
-207.9977293959037
-205.00032149510355
-179.37489896809515
-101.66482147360536
-178.52119435946958
-228.9562605993713
-125.75559196528393
-69.40483422423456
-139.62879292301253
-169.35836768707966
-94.40080497724969
-102.39352606887974
-181.66555970559264
-219.3861298026209
-200.15171845004738
-196.05839832796514
-219.94617108895878
-183.06181534683552
-134.98938345922622
-201.1295377792671
-206.8553353755701
-166.53209878793018
-170.3267662261789
