0.4390246940178436
-0.06182069972166837
0.6847920546292486
0.4192884204273276
0.4686887746012708
0.4969016842177709
0.4192884204273276
0.4686887746012708
0.4969016842177709
-0.42237513212409694
0.3798627817778869
0.8037728737704368
0.130488043489299
0.12138588967601371
0.47611737726881975
0.33161078947352873
0.4300212985911295
0.39289937801369224
0.33161078947352873
0.4300212985911295
0.39289937801369224
0.007380484953816491
0.38896254261038254
1.0035679073295172
0.007380484953816491
0.38896254261038254
1.0035679073295172
-0.19032446342199894
-0.32226250229702535
0.5461995044895885
0.46564582397606535
-0.18423024157791856
0.9588142416743441
0.46564582397606535
-0.18423024157791856
0.9588142416743441
-0.2060137974054348
-0.10149701489972374
0.2873651008448814
0.3542857343517237
-0.2829777208630314
0.6198350662337191
0.3542857343517237
-0.2829777208630314
0.6198350662337191
0.16467291845629983
-0.385356056424877
0.8900877872146455
0.16467291845629983
-0.385356056424877
0.8900877872146455
0.12285814409641671
-0.40999997955988543
0.26963303547076234
0.12285814409641671
-0.40999997955988543
0.26963303547076234
-0.2500572128012236
0.02411778891040184
0.530154502786225
-0.2500572128012236
0.02411778891040184
0.530154502786225
-0.07465254310114267
-0.030156072942864265
0.6203392156896926
-0.4290231441994051
-0.35050542089268266
1.0400157124498555
-0.4290231441994051
-0.35050542089268266
1.0400157124498555
0.1790902046289088
-0.43920052611946625
0.6823533271142247
0.1790902046289088
-0.43920052611946625
0.6823533271142247
-0.31712017649002266
0.23408057739196897
1.0849719684667951
0.05731507501434008
-0.46873304832240925
0.4482787762322247
0.05731507501434008
-0.46873304832240925
0.4482787762322247
0.42803912062499916
0.41908722050441505
0.3714378408749527
0.0008054394444431123
-0.23134127800765947
0.9607885280058966
-0.3495346643023385
-0.31173964204334537
0.7521534736055173
-0.3495346643023385
-0.31173964204334537
0.7521534736055173
-0.30742706687893095
-0.19481331387394718
0.7968481518259013
-0.30742706687893095
-0.19481331387394718
0.7968481518259013
0.469395669537482
-0.20180429889860974
0.313007900684945
-0.2049473782526281
-0.39941516236213337
0.7043581913377694
-0.2049473782526281
-0.39941516236213337
0.7043581913377694
0.19063715857740648
0.294685588641482
0.2760359273421732
0.19063715857740648
0.294685588641482
0.2760359273421732
0.09776032185826422
0.3637135641319187
0.30335288538876726
-0.4123884464457458
-0.2940292357553057
0.28903919307247594
-0.3355293020478928
0.06364334067755195
0.7289509491006881
-0.3355293020478928
0.06364334067755195
0.7289509491006881
0.17407288890574146
0.47358189592635214
0.3077674252369119
0.17407288890574146
0.47358189592635214
0.3077674252369119
-0.12720055795566898
-0.2058356033455534
0.9240328248866893
0.47792464383743916
0.206301094654334
0.33895794839653104
0.47792464383743916
0.206301094654334
0.33895794839653104
-0.2401816764401935
-0.4642366483569865
0.3357646685928951
-0.2401816764401935
-0.4642366483569865
0.3357646685928951
0.01781710303800188
0.459817160080361
0.7387869275262562
-0.13810985424118583
-0.16756664870888482
0.7168729762424842
0.4140892358947871
0.41924194054533714
0.9193961359086126
-0.30646057838367247
-0.39943877514430426
0.49780359841615784
-0.30646057838367247
-0.39943877514430426
0.49780359841615784
-0.017952810406182462
-0.4495764970632842
0.9200459732835689
-0.017952810406182462
-0.4495764970632842
0.9200459732835689
0.021782611353370673
-0.4004336083228137
0.322746509819138
0.021782611353370673
-0.4004336083228137
0.322746509819138
0.021782611353370673
-0.4004336083228137
0.322746509819138
0.22614498881157474
0.4342558121833261
0.49663252050068696
0.28177337814405645
-0.28010077464724514
0.45712918610498776
-0.27650791926711227
0.454141106033905
0.33259998700260995
-0.38539759708046306
0.2542425574308026
0.41026622154103687
0.2503253797449366
-0.22596696667195593
0.5043885358719759
-0.47386778778278615
0.23068384041550138
0.27473995246153793
-0.47386778778278615
0.23068384041550138
0.27473995246153793
-0.48193744994569043
0.14154499358871164
0.38092592350571175
-0.31496085162861576
0.2685481765675992
1.127889141959395
0.012609371007981873
-0.4299679932585767
0.6906005960014949
0.012609371007981873
-0.4299679932585767
0.6906005960014949
-0.13295952053728355
-0.2063498032921408
0.9317375760211697
-0.13295952053728355
-0.2063498032921408
0.9317375760211697
-0.2964319099505175
-0.040892364293324435
0.3223892291170951
-0.2964319099505175
-0.040892364293324435
0.3223892291170951
0.2351663541170882
0.4443367350072487
0.5431188191757359
0.2351663541170882
0.4443367350072487
0.5431188191757359
0.25442250938365185
0.13033190759964874
0.4209177545280869
-0.4370061312498754
0.4139203538047269
0.5473712425772752
-0.2589630252355536
-0.10748428500356733
1.0681514120546116
-0.2589630252355536
-0.10748428500356733
1.0681514120546116
-0.35842302351380984
0.18789294608135165
1.046952385536687
-0.35842302351380984
0.18789294608135165
1.046952385536687
-0.2515742323976502
0.17173477072449927
1.0125199811393122
-0.06920582129259867
-0.3395587066772796
0.5358762417399757
-0.06920582129259867
-0.3395587066772796
0.5358762417399757
0.4191351010421759
-0.4155177287213393
0.7354117881929417
0.4191351010421759
-0.4155177287213393
0.7354117881929417
0.1304954564894576
0.2894586869864805
1.1265207834394904
0.4767927972704916
0.3366169204272931
1.0382815117857676
0.4767927972704916
0.3366169204272931
1.0382815117857676
0.4767927972704916
0.3366169204272931
1.0382815117857676
0.4473313348403536
-0.35586852584672646
0.5556255679106026
-0.4538535570888772
0.05890019924141954
0.911664688922112
-0.4538535570888772
0.05890019924141954
0.911664688922112
0.38695086636351894
0.06491560192847856
0.9864350896617056
0.38695086636351894
0.06491560192847856
0.9864350896617056
0.18122647521238833
0.3463304915239762
0.3922807774093592
-0.38768773405781143
0.48024605983453594
0.9677181882740563
-0.38768773405781143
0.48024605983453594
0.9677181882740563
-0.11815978670316551
-0.07040080289645578
1.0171828101380012
0.4011705668162483
-0.14516648092342532
0.5993580348680313
-0.3238418841332993
0.345381856989329
0.49322008663206274
-0.33989203289999426
-0.06683102335506996
0.7100733767210451
-0.33989203289999426
-0.06683102335506996
0.7100733767210451
0.19126907905304513
0.2600369364824857
0.7198929093495383
0.19126907905304513
0.2600369364824857
0.7198929093495383
-0.07884107646391347
0.29787741816146085
0.951178135881753
-0.2902497020572615
-0.27862598289236706
0.9670124999710148
0.19823258696037904
-0.4899271410829379
0.49582703752690804
0.19823258696037904
-0.4899271410829379
0.49582703752690804
0.19823258696037904
-0.4899271410829379
0.49582703752690804
0.4501210093615312
0.45113334965332796
0.804631250697702
0.4501210093615312
0.45113334965332796
0.804631250697702
0.21432990617020864
0.46232615432404056
0.9657168366240168
0.21432990617020864
0.46232615432404056
0.9657168366240168
-0.04447623420789226
0.31700439937410896
0.7087481125989932
0.024578522094749422
-0.16105582548931086
0.4757736997334018
0.024578522094749422
-0.16105582548931086
0.4757736997334018
0.4896906141464462
-0.4488372855076391
0.6001582740805652
-0.008345992398010593
-0.3749132115071192
1.1257941792414372
-0.008345992398010593
-0.3749132115071192
1.1257941792414372
0.27940039895427493
0.3526128597288477
0.3578500264242661
0.27940039895427493
0.3526128597288477
0.3578500264242661
-0.2892065132218692
-0.3225633703358123
0.5035207594588648
-0.2892065132218692
-0.3225633703358123
0.5035207594588648
-0.0748138103413738
0.2384846489641952
1.0216655792449498
-0.19627598271253965
-0.20605755120324276
0.8517380005387291
-0.3454855453340868
-0.30912568148837516
0.6498761838953877
-0.3454855453340868
-0.30912568148837516
0.6498761838953877
0.34308144944941876
-0.27622055418412583
1.0125077211796163
0.34308144944941876
-0.27622055418412583
1.0125077211796163
-0.4416918680946148
-0.22800509811905334
0.8037201171773535
-0.4416918680946148
-0.22800509811905334
0.8037201171773535
-0.011437089093737862
-0.16429640981022342
1.077266923880316
-0.011437089093737862
-0.16429640981022342
1.077266923880316
0.396255635286321
0.3183481018079476
1.0863666207536644
0.396255635286321
0.3183481018079476
1.0863666207536644
0.3646766976903574
-0.08261065934245604
0.24690203496501828
0.3646766976903574
-0.08261065934245604
0.24690203496501828
-0.3637917006372873
0.36447992027178877
0.4549909281437289
0.39475233689814515
0.1805529337094408
0.8559029821903844
0.39475233689814515
0.1805529337094408
0.8559029821903844
-0.19032868914383805
-0.05892042215591853
0.4085143895756522
-0.27312543896020913
0.09568514272816342
0.5629874912973041
-0.27312543896020913
0.09568514272816342
0.5629874912973041
-0.4880735983485669
0.2034705675622236
0.573649363858999
0.35535654785515547
-0.44669063701153866
0.2441713824644448
0.0868341709078253
-0.28872375071970546
0.31383403517551167
0.0868341709078253
-0.28872375071970546
0.31383403517551167
-0.17374799438584299
-0.1406323620054255
0.7297420173501543
-0.17374799438584299
-0.1406323620054255
0.7297420173501543
-0.16069827105384737
-0.04823790186962529
0.5624676670702369
-0.16069827105384737
-0.04823790186962529
0.5624676670702369
0.2540990168893712
-0.19276422961067252
0.8928418575771544
0.42916016288884395
-0.32613990902104806
1.0621552002317025
0.42916016288884395
-0.32613990902104806
1.0621552002317025
-0.36657584715793434
-0.3931645528439395
0.599148121432637
-0.36657584715793434
-0.3931645528439395
0.599148121432637
-0.400955344790626
-0.3721016060757659
0.6618929058463653
-0.400955344790626
-0.3721016060757659
0.6618929058463653
0.2589235722503247
0.47102323605629515
0.9371927038689243
0.30974584195734534
0.47256142735176254
0.8816073701742807
0.30974584195734534
0.47256142735176254
0.8816073701742807
-0.1341660805785202
0.08131127229434176
0.5396883600984305
-0.2885010033071105
0.3211386112874345
0.9114459370402141
-0.2895947810991619
-0.13646360410830627
0.46227575681817745
-0.2895947810991619
-0.13646360410830627
0.46227575681817745
0.37449352803205116
-0.473689160949207
0.6978444351119232
0.37449352803205116
-0.473689160949207
0.6978444351119232
0.18863303066715242
0.3319113524112325
0.291571887221153
0.46323613936287167
0.12198612143632404
0.7051615753029036
0.46323613936287167
0.12198612143632404
0.7051615753029036
-0.3141227708705109
0.016785698152151363
0.7838139772001225
0.4860495067732802
-0.08994633278428554
0.31807421922220513
-0.16422857789091105
-0.44039651044519634
1.019034612639684
0.15739544080905432
-0.0309023461273632
1.0837568615524442
0.15739544080905432
-0.0309023461273632
1.0837568615524442
0.14541547824553036
-0.007592266109489487
1.1126437606915218
-0.12078320587314928
-0.27768357762339146
0.43210838721190703
-0.12078320587314928
-0.27768357762339146
0.43210838721190703
-0.21016848379166875
-0.483643129135788
0.6550195979661441
-0.21016848379166875
-0.483643129135788
0.6550195979661441
-0.19999176072208136
-0.3496526588951435
0.6681437007456054
-0.19999176072208136
-0.3496526588951435
0.6681437007456054
-0.2062991148596256
0.2094766221938198
1.0618630028998362
-0.2062991148596256
0.2094766221938198
1.0618630028998362
0.21767375032683134
-0.13915395958073595
0.5619804258762471
0.29261102465778743
0.09014278188549318
0.5868741673283512
0.29261102465778743
0.09014278188549318
0.5868741673283512
0.4830949439742872
0.393263954620262
0.9728685570870458
0.4830949439742872
0.393263954620262
0.9728685570870458
0.44033425942230986
-0.054806875067428984
0.3560996250882752
0.44033425942230986
-0.054806875067428984
0.3560996250882752
-0.06934668545647027
0.3802405553614041
0.30066501425034886
-0.016962843217801504
-0.13325855542575826
0.5893856028946095
-0.3409352783138545
0.2678866297425093
0.7760230281339825
0.1221227925745404
0.4017068914905172
0.9652959710980321
0.1221227925745404
0.4017068914905172
0.9652959710980321
-0.4751901463149497
-0.3214065167435517
0.5612011230631851
-0.4751901463149497
-0.3214065167435517
0.5612011230631851
0.1604577918300768
-0.4454131428067396
0.5805611344889681
0.1604577918300768
-0.4454131428067396
0.5805611344889681
0.01589917331109081
0.018712223725600996
1.0638806943886931
0.47125589354575004
0.19689814538976647
0.4566781541332968
-0.47852301619723236
-0.2909262124757569
1.0699776981683171
-0.47852301619723236
-0.2909262124757569
1.0699776981683171
0.07230097286815029
-0.30851258367147893
0.3722961189121521
0.07230097286815029
-0.30851258367147893
0.3722961189121521
-0.0359335442184151
-0.42738077565360943
0.8503892814858662
-0.0359335442184151
-0.42738077565360943
0.8503892814858662
-0.1186291764841163
-0.12722740616018824
1.095749703208127
-0.1186291764841163
-0.12722740616018824
1.095749703208127
-0.05475508921404859
0.2685306002860911
0.8393808141861654
-0.31115089516300176
0.3059461315021026
1.1265088702651784
0.39459478917166824
0.31330034402700735
0.9274477886032872
0.39459478917166824
0.31330034402700735
0.9274477886032872
0.28059240208968983
0.29675988501115447
0.471467422398546
0.28059240208968983
0.29675988501115447
0.471467422398546
0.3284183881689213
-0.1541425215590172
0.29500834113726826
-0.42216091872126293
-0.06620770095145734
0.8093773293341706
0.18608808010432487
-0.1663978781678901
0.5245028552543344
0.18608808010432487
-0.1663978781678901
0.5245028552543344
0.28894743156309377
0.00451695393481677
0.3702247016518492
0.28894743156309377
0.00451695393481677
0.3702247016518492
-0.11286044699519915
0.21804075927328515
0.43811261586824646
-0.48382905399213927
0.387109345282343
0.7994464250435551
0.038016629016425774
-0.45939834667205004
1.093908011098361
0.038016629016425774
-0.45939834667205004
1.093908011098361
-0.430362564763755
-0.2383589213001115
0.9103677723756435
-0.4107523278734281
0.37623049800321595
0.6851909915480127
0.1229655181625311
0.3030475871802395
0.2711666554762565
0.1229655181625311
0.3030475871802395
0.2711666554762565
0.3548843817332187
0.3718413056501607
1.0449364940951704
0.3548843817332187
0.3718413056501607
1.0449364940951704
-0.43300528232499913
0.07301616160442137
0.26325871898810105
-0.02235868284329734
-0.06326142407696722
0.36788415912337236
-0.02235868284329734
-0.06326142407696722
0.36788415912337236
0.3947773472788708
0.2910027466665863
0.4379013164933955
0.3947773472788708
0.2910027466665863
0.4379013164933955
-0.14976353091090466
-0.21151820235885155
0.793292816127597
0.1112360593502637
-0.28874225454577473
0.9016761499249616
0.1112360593502637
-0.28874225454577473
0.9016761499249616
0.40127228075815446
0.3367090005820631
0.4428554053035093
0.40728953985055827
-0.13322369231236186
0.517135782133987
0.40728953985055827
-0.13322369231236186
0.517135782133987
0.38954423941038574
0.21646173217729958
0.46259244212193384
0.38954423941038574
0.21646173217729958
0.46259244212193384
0.13818500216374174
-0.2793799774308179
0.2808125753970847
-0.4882601964606029
-0.38299061388058675
0.4950753336440945
-0.4882601964606029
-0.38299061388058675
0.4950753336440945
-0.307012010070302
-0.4789921061813731
0.8129185015629049
-0.307012010070302
-0.4789921061813731
0.8129185015629049
0.08694778708591255
-0.049410372271440184
0.6473271336307996
0.08694778708591255
-0.049410372271440184
0.6473271336307996
-0.37308429149958644
-0.003924863394911604
0.6760428607084465
-0.40777639695413237
-0.19204868388983065
0.7541203608463629
-0.40777639695413237
-0.19204868388983065
0.7541203608463629
-0.037105381246652414
-0.15407405366804372
0.23340377934857004
-0.037105381246652414
-0.15407405366804372
0.23340377934857004
-0.37581356155261936
-0.28319940664624
0.5952343386291201
-0.37581356155261936
-0.28319940664624
0.5952343386291201
-0.03304098333956573
0.177455062569845
0.7518944380986353
0.2203187799076166
-0.3997940977482217
0.29814455903861936
0.2203187799076166
-0.3997940977482217
0.29814455903861936
0.3828187399687847
0.40901539973850687
0.4186608406813195
0.3828187399687847
0.40901539973850687
0.4186608406813195
-0.07600002621673785
-0.38777283465906587
0.4978216759758869
-0.07600002621673785
-0.38777283465906587
0.4978216759758869
0.4140513361251288
0.20293456723798942
0.8248568894036585
0.4140513361251288
0.20293456723798942
0.8248568894036585
0.3726038498567198
-0.39067911503599595
0.8883280239642258
0.02259148566799163
0.003635505664544292
0.3398499335148524
0.02259148566799163
0.003635505664544292
0.3398499335148524
0.13359809971608838
0.14779626825219616
0.7269974603769623
0.3374822952816543
-0.42323027712437067
0.7013244935555304
0.18464671855170245
0.19378421576104765
0.8602564537091764
0.18464671855170245
0.19378421576104765
0.8602564537091764
-0.07597801196492449
-0.3322286049885048
0.39656239286793227
-0.06887952318327595
0.46670689439240953
0.4566153927087755
0.10263702753952475
0.37007687310839843
0.6021176640147964
0.10263702753952475
0.37007687310839843
0.6021176640147964
-0.06429108758015056
-0.3725567621374869
0.9779387012810578
-0.3142327758671791
-0.010899688723625345
0.9066419829166863
-0.3142327758671791
-0.010899688723625345
0.9066419829166863
-0.21246743488865527
-0.33202792376635315
0.7562281026250893
-0.21246743488865527
-0.33202792376635315
0.7562281026250893
0.09149551846824489
0.20855081554772448
0.9963535012016157
-0.3509844861722017
0.2671760506885045
0.4782978871144239
0.1900325839862772
-0.3460327166096979
0.38872088975288366
0.1900325839862772
-0.3460327166096979
0.38872088975288366
0.1643902169599879
0.373642380517895
0.6714845426579131
0.09469044345632038
0.44618108994526173
0.8602234267404294
0.09469044345632038
0.44618108994526173
0.8602234267404294
0.3879295421100206
-0.18731309875248536
0.48259702131053084
-0.10495383597402608
0.37649941298320266
0.8056087659394089
-0.10495383597402608
0.37649941298320266
0.8056087659394089
-0.48916478981713263
-0.09169623001710048
0.8777670898433425
0.30596216478609173
0.12136879662258948
1.0115282564464603
0.30596216478609173
0.12136879662258948
1.0115282564464603
-0.3007366146022491
-0.12206885642296939
0.25182542955658394
0.12047576164673168
-0.4800671684807536
0.500087476471909
0.12047576164673168
-0.4800671684807536
0.500087476471909
-0.268372149805976
-0.39362221398988906
0.3257992125669854
-0.268372149805976
-0.39362221398988906
0.3257992125669854
-0.268372149805976
-0.39362221398988906
0.3257992125669854
0.0515648731286259
-0.33577679822748285
0.7633273092826127
0.0515648731286259
-0.33577679822748285
0.7633273092826127
-0.024157282294947402
-0.31922337495431685
0.44113250388945635
-0.024157282294947402
-0.31922337495431685
0.44113250388945635
0.005287173135010703
-0.46765462635187605
0.36236192075791684
0.005287173135010703
-0.46765462635187605
0.36236192075791684
-0.03354018193165964
-0.43074471990513963
0.33904936451321754
-0.03354018193165964
-0.43074471990513963
0.33904936451321754
-0.42105608642095804
0.1176438342073518
0.8996844992287798
-0.42105608642095804
0.1176438342073518
0.8996844992287798
0.02786863671720108
-0.030199809551900714
0.4131759327327048
-0.2304312981378639
-0.47047463740477524
0.912874297379741
-0.2304312981378639
-0.47047463740477524
0.912874297379741
-0.1685943069116298
0.19922982573074932
0.6053957221799632
0.44706804035915393
0.2720692662281752
0.47761308988352147
0.44706804035915393
0.2720692662281752
0.47761308988352147
0.16298400172178473
0.0440417836594702
0.42894603498919237
-0.25659302252539795
0.04574336844242266
0.771989241779982
0.23136587490076355
-0.26169054869292585
0.6941690791225364
0.23136587490076355
-0.26169054869292585
0.6941690791225364
0.011903133552297884
0.4687410784909948
0.36685206421661753
-0.23448966719052033
-0.0746797408937444
0.671326191792662
-0.40977554941485106
0.13712096901190396
0.23260231169409307
-0.40977554941485106
0.13712096901190396
0.23260231169409307
0.23865680848900106
-0.1073598865919102
1.106105716244874
-0.410593586229539
0.43380745560754186
0.2739198023203866
-0.3070667918393081
-0.10795599462413519
0.556154681455585
-0.3070667918393081
-0.10795599462413519
0.556154681455585
0.34545462311801
0.17145765446456962
0.5879978816789034
0.34545462311801
0.17145765446456962
0.5879978816789034
0.304696267339453
0.4827190292868303
0.4335473821091388
0.304696267339453
0.4827190292868303
0.4335473821091388
-0.02689619064549309
0.19103602643143713
0.8722682396812891
-0.4124061287944253
-0.39660155624237015
0.8019240082917886
-0.4124061287944253
-0.39660155624237015
0.8019240082917886
-0.2025331433269305
0.4772891895568806
0.6708565521257596
-0.07337522180240774
-0.03804504630291783
0.7946020245592026
-0.013816161234028623
-0.34325094916469
0.29990107812102207
-0.013816161234028623
-0.34325094916469
0.29990107812102207
-0.3692062960142931
0.20252860263297234
0.8878045783202201
-0.04890527352626717
0.3622138142176773
0.5078087566505103
-0.04890527352626717
0.3622138142176773
0.5078087566505103
-0.4511409449166973
0.2965250752095465
0.48556650567356896
-0.33563593991539753
-0.13152073857114732
0.601895243594512
0.36644085877238763
0.0643669257822922
0.7778116507006435
0.36644085877238763
0.0643669257822922
0.7778116507006435
0.11966994812532239
0.03853113063955971
0.7349367416026399
-0.019340078644215053
-0.21740397402077072
0.5163256397302374
-0.019340078644215053
-0.21740397402077072
0.5163256397302374
0.36385560168247555
-0.1705514010434961
1.0996674106114033
0.31695680721880104
0.18631221284138744
0.5095387825973077
-0.11174771860162946
0.13033555699245813
0.3121509782874503
0.18546884590737178
-0.45999137279594415
0.5342185380008202
0.18546884590737178
-0.45999137279594415
0.5342185380008202
0.06614027227358199
-0.12229837699960533
0.6459948003386812
0.06614027227358199
-0.12229837699960533
0.6459948003386812
-0.12286987043277342
-0.10669024919048187
0.2960462145485706
-0.12286987043277342
-0.10669024919048187
0.2960462145485706
0.03831912643117508
-0.2149663630088281
0.6564971752390838
0.4606975420496989
0.06206994570297719
0.8436632910790409
-0.1951746662115993
-0.12084161754124556
0.6648841181990266
0.2385321126031832
-0.016963918294750857
0.31033971633368895
0.2385321126031832
-0.016963918294750857
0.31033971633368895
0.21022307888841962
0.46092030895233593
1.0209423532823672
0.37348191575305134
-0.04434685823710682
0.959679453623737
0.37348191575305134
-0.04434685823710682
0.959679453623737
0.45803884578302
0.04319527411627755
0.31007766481053
0.45803884578302
0.04319527411627755
0.31007766481053
-0.3252658971803495
0.24219391091096976
0.497131830714448
0.20464274544919325
0.30541161470785694
0.28947457396028287
0.20464274544919325
0.30541161470785694
0.28947457396028287
0.3110795621761563
0.29421700959274455
0.6299438749492585
0.3110795621761563
0.29421700959274455
0.6299438749492585
0.39937433249641097
-0.41989332461488926
0.5421140215203225
-0.2511772926303897
0.10396007398741514
0.7200487980099504
-0.2511772926303897
0.10396007398741514
0.7200487980099504
0.21330174278759473
-0.47808325869127144
0.8433692255768033
0.21330174278759473
-0.47808325869127144
0.8433692255768033
-0.3132335845916696
-0.07997458354701914
0.865443851394381
-0.20225424972719186
0.23070265043082627
1.103521779335877
-0.20225424972719186
0.23070265043082627
1.103521779335877
-0.15650165275526018
0.4817174070482171
0.9022911363766803
-0.41740329878479354
0.2379751285817181
0.49967596381562085
-0.02981582953215678
-0.22424117541461563
0.7518565761413945
-0.02981582953215678
-0.22424117541461563
0.7518565761413945
-0.002428365503743146
-0.3576354699444534
0.47621773368119447
-0.002428365503743146
-0.3576354699444534
0.47621773368119447
-0.2447116683489674
0.11691574825736262
0.6326623518111972
-0.1325195027785212
0.0045975817502726946
0.38105066913888996
-0.1325195027785212
0.0045975817502726946
0.38105066913888996
-0.37036741674609164
-0.3553108392450327
0.5175217854812597
-0.37036741674609164
-0.3553108392450327
0.5175217854812597
-0.41632570191269624
-0.36186002965273323
0.6351826245161722
-0.41632570191269624
-0.36186002965273323
0.6351826245161722
-0.38530366856264375
-0.030946576279829552
1.11708850134834
0.3145845793764046
0.4182676477024361
1.0757439551612036
0.3145845793764046
0.4182676477024361
1.0757439551612036
-0.08519492894268499
0.04499511214625451
0.27985456830222255
-0.48037907216357634
0.3310211298060689
0.7699780656497281
0.3414438000038176
-0.4188141049256491
0.7854815111975078
0.3414438000038176
-0.4188141049256491
0.7854815111975078
0.10867228717902822
-0.30627830667860334
0.661539997238503
0.10867228717902822
-0.30627830667860334
0.661539997238503
0.39877567741082554
-0.002315852112959371
0.7791265145726373
0.39877567741082554
-0.002315852112959371
0.7791265145726373
0.16815347055924412
-0.27858594169240014
0.7161939917343983
0.3846862076194557
-0.3793794884120909
0.45352153941788886
0.3846862076194557
-0.3793794884120909
0.45352153941788886
-0.22390817502140525
0.24921188195489952
1.0457895836657363
0.04971178582425939
-0.4021345374443117
0.2809642872885869
0.04971178582425939
-0.4021345374443117
0.2809642872885869
0.27037263821992796
-0.18370372833374282
0.5507762714562755
0.27037263821992796
-0.18370372833374282
0.5507762714562755
0.07810929831690894
0.3888232593028511
1.0862575553413305
0.2757947848793443
0.1492494570402355
0.3935085567227231
0.2757947848793443
0.1492494570402355
0.3935085567227231
-0.10484576111154886
0.3382143542992675
0.516479210208828
-0.10484576111154886
0.3382143542992675
0.516479210208828
0.4660585116574455
-0.1678198921909625
0.58339163774999
0.4660585116574455
-0.1678198921909625
0.58339163774999
-0.4406636026340527
0.22249200374875988
0.9156028274219488
0.14727168425851056
0.060281703826971955
0.46033375699451196
0.48255030494580187
-0.17327318010621273
0.5354251984126124
0.48255030494580187
-0.17327318010621273
0.5354251984126124
0.2834999942165898
0.17646046079829825
0.6448350991395653
0.06380156771770307
-0.4121012206701753
0.5985637642194771
0.06380156771770307
-0.4121012206701753
0.5985637642194771
-0.35421239067280363
0.26472825330130767
1.0086576978850705
-0.3796494276601714
0.33060163732454617
0.5393562086517658
-0.27839031081608434
0.4034777966903772
0.9478661293864333
0.41989963618127446
-0.06896627421059942
1.112592296419686
0.17764069454868547
-0.03267817929796846
0.6270784414483199
0.13005990950166313
-0.36975406034767
0.6126709189581168
0.13005990950166313
-0.36975406034767
0.6126709189581168
0.21786158688968094
-0.2439078885412287
0.9421776339978521
0.21786158688968094
-0.2439078885412287
0.9421776339978521
0.36576069730906646
-0.38492681598037626
0.7444459063081516
0.36576069730906646
-0.38492681598037626
0.7444459063081516
0.14924808356325192
0.15633563627539637
0.7710734260842096
0.4694622816264007
0.06615488656253354
0.5775602217729541
0.4694622816264007
0.06615488656253354
0.5775602217729541
-0.06576395139379587
-0.26862616297937547
0.2818780446492327
-0.4813386863689213
-0.12472248390556395
1.0959767531282816
-0.4813386863689213
-0.12472248390556395
1.0959767531282816
-0.4156486843936472
-0.27657727333990656
0.5135182288332336
-0.4156486843936472
-0.27657727333990656
0.5135182288332336
-0.10383571799481517
0.014800966706674967
0.32194430082904035
0.038249008570177656
-0.08169266101896111
0.3566699673628254
0.038249008570177656
-0.08169266101896111
0.3566699673628254
-0.30860524822827007
-0.026614349981707197
0.9606960831058186
0.18063034807069966
0.3158727975756882
0.8202166527667821
0.18063034807069966
0.3158727975756882
0.8202166527667821
0.1875080705523533
-0.4360683314517457
0.6246369124785315
-0.08981286416495282
-0.4684117426607032
1.0273574234360234
-0.08981286416495282
-0.4684117426607032
1.0273574234360234
0.2149037823624167
0.3072514099078828
0.31338878793179437
-0.29628021465756593
0.4528681271503521
1.0484837821721051
-0.29628021465756593
0.4528681271503521
1.0484837821721051
0.4065652609465933
0.05102794777686237
0.3963389766802047
0.4065652609465933
0.05102794777686237
0.3963389766802047
-0.005637132117145005
0.26746586080904555
0.33487725280866776
-0.005637132117145005
0.26746586080904555
0.33487725280866776
-0.15117938313607793
-0.3469908337443356
0.6356728134696534
-0.15117938313607793
-0.3469908337443356
0.6356728134696534
0.34865859251409703
0.4724429556345693
0.7128960789285175
0.34865859251409703
0.4724429556345693
0.7128960789285175
0.16294817016012697
-0.05803773448730731
0.9474047055989967
-0.18178041144942636
0.1417870404011855
0.4461232771032483
-0.20275464033790336
0.23584909667273413
0.9656644572941855
-0.20275464033790336
0.23584909667273413
0.9656644572941855
-0.14733669831424911
0.28112292371379943
0.45364807831422693
0.0620980790668596
-0.4621419820202335
0.8224026309714138
0.0620980790668596
-0.4621419820202335
0.8224026309714138
0.03906470914261595
-0.44870624360603983
0.9277128467391736
0.03906470914261595
-0.44870624360603983
0.9277128467391736
-0.045462692630812596
-0.04866951541248876
0.8668583329038219
0.454996063463012
-0.3233640651776707
0.7174925128893349
0.454996063463012
-0.3233640651776707
0.7174925128893349
-0.010414017995499236
0.26720875357016427
0.890344797019274
0.040757208548768964
0.16507285828533835
0.8170961802484138
-0.47584183962851556
0.07395234088100111
0.38811874534371094
0.39498752483221944
0.46594146528407465
1.0732130030415377
0.3010585383576525
0.385086881625586
0.652113883818911
0.3010585383576525
0.385086881625586
0.652113883818911
-0.10363870096710437
-0.4016670771849665
0.5508277713097449
-0.41755489202256524
0.07826657896174405
0.3810560181106838
-0.41755489202256524
0.07826657896174405
0.3810560181106838
-0.4344892652214343
0.13248377994873994
0.3460183698905631
0.3310779052367603
0.29378884897390023
1.0726675962400196
0.197985978584019
0.12537723682457924
0.24253107374261595
0.197985978584019
0.12537723682457924
0.24253107374261595
0.37076934240894777
0.48942937448933554
0.8923896477481604
0.37076934240894777
0.48942937448933554
0.8923896477481604
0.10359946356659044
-0.39881047169245654
0.5370391541735254
-0.10423912757777809
-0.43259753252176747
0.3377898693113054
-0.10423912757777809
-0.43259753252176747
0.3377898693113054
-0.2204071958393392
-0.2764853155348094
1.1226311163299263
-0.2204071958393392
-0.2764853155348094
1.1226311163299263
0.21708046216758092
0.4114233901164466
0.815907796578264
0.08113653002957211
0.46167896376812223
0.6031470023018279
0.08113653002957211
0.46167896376812223
0.6031470023018279
0.39008615304619243
0.2799369420563421
0.5122231577019372
0.39008615304619243
0.2799369420563421
0.5122231577019372
0.39008615304619243
0.2799369420563421
0.5122231577019372
-0.26390392271041296
0.4539296754550326
0.8513553734981175
-0.26390392271041296
0.4539296754550326
0.8513553734981175
-0.2951220070491445
-0.22869491624545013
0.5361311723359818
0.36387186860999
0.2950080535188726
0.27593956367501726
0.36387186860999
0.2950080535188726
0.27593956367501726
-0.04559517409760305
0.19154540554063293
0.3928101152248147
-0.4441413463816595
0.3190190988514835
1.0171983106841456
0.09157867848590429
-0.19182705257943133
0.7021195034829468
0.09157867848590429
-0.19182705257943133
0.7021195034829468
0.16813867828428664
0.0390145531406616
0.905473813955701
0.024215081053926557
-0.38283293458339807
1.0643941035177438
0.024215081053926557
-0.38283293458339807
1.0643941035177438
-0.3137421037802327
-0.3311407610370557
0.7970609192546614
-0.3137421037802327
-0.3311407610370557
0.7970609192546614
-0.4192234536586871
0.16702162443767665
0.737567486093146
-0.40121442915665695
0.4450807257414664
0.38495182824781526
-0.40121442915665695
0.4450807257414664
0.38495182824781526
0.4222550730683007
-0.03926357522733026
0.26355222925209953
0.4222550730683007
-0.03926357522733026
0.26355222925209953
0.35878054507878265
0.13580723029533148
0.4068748234918672
0.35878054507878265
0.13580723029533148
0.4068748234918672
-0.4491644979817013
-0.35325115098815285
0.47048233161218556
-0.4491644979817013
-0.35325115098815285
0.47048233161218556
0.20413381757565774
0.017835636083344153
0.30439196937086765
-0.4549518735091349
-0.3678838355831794
0.3728341052537538
-0.2948146934514173
0.3407361285046956
1.105878661685812
-0.4345067702510551
-0.31353770912082735
0.9386450187741002
-0.4345067702510551
-0.31353770912082735
0.9386450187741002
-0.07625992431933915
-0.03051227421118241
0.6998662638321044
-0.07625992431933915
-0.03051227421118241
0.6998662638321044
-0.009946902992416073
0.11686030292394733
1.1107731689593079
-0.42367872121454897
-0.34731090203409065
0.23778430436623588
-0.42367872121454897
-0.34731090203409065
0.23778430436623588
0.09882029004132087
0.3212504672360321
0.2651197746217785
0.16772412505165202
-0.14835599370424546
0.2936706915886931
0.016508734852259344
0.08233433590547978
0.4616153604828046
-0.0177029022155899
-0.48368095466061034
0.6039320073960089
-0.0177029022155899
-0.48368095466061034
0.6039320073960089
0.45599064686758817
0.2313480720298311
0.2374258748049436
0.45599064686758817
0.2313480720298311
0.2374258748049436
-0.2073748793190061
-0.00048800418002892254
0.46089717224758653
-0.08605778254701146
-0.19213457269663203
0.40993545890251726
-0.08605778254701146
-0.19213457269663203
0.40993545890251726
0.08466062524096474
0.2969275542402643
0.3573135491769377
-0.06723264129982265
-0.033138544910646495
0.46048495970853787
-0.06723264129982265
-0.033138544910646495
0.46048495970853787
-0.06039939894146362
0.34409046293750534
0.7670009207493798
0.40943243084798164
-0.4368328255075056
0.5555607094477374
-0.033095053813570585
0.4554423442037746
0.8899666853704304
0.3692651289128124
0.44714536419416384
0.6400491437936539
0.3692651289128124
0.44714536419416384
0.6400491437936539
0.2836444485816767
-0.1908174119962135
0.7979861423069761
0.2252184966085221
-0.22450220798018805
0.2572498379082787
-0.30541156128805524
-0.30189246855033003
0.4807286960902244
-0.30541156128805524
-0.30189246855033003
0.4807286960902244
0.13235090922589587
0.12935204584242854
0.3373364808158704
0.13235090922589587
0.12935204584242854
0.3373364808158704
0.08768554249990634
0.37677354420530296
0.7782609950343445
0.42899793591723423
-0.026128274984894673
0.3104234829104857
0.42899793591723423
-0.026128274984894673
0.3104234829104857
-0.22243723348806155
0.334750335341344
0.5490571643806488
0.4361361427460019
-0.4247645712494412
0.29485418655210316
0.4361361427460019
-0.4247645712494412
0.29485418655210316
-0.14126576165501037
-0.3917964734205647
0.8177267916662136
-0.14126576165501037
-0.3917964734205647
0.8177267916662136
-0.3074961479525312
0.2640526316439259
0.6193631312356337
0.017995972801773563
0.12865501515828237
0.9893994572690484
-0.4430510052793769
-0.33998086700533303
1.1152987887732448
-0.4430510052793769
-0.33998086700533303
1.1152987887732448
-0.3530251840102939
0.3524874830520782
1.0488584553031162
-0.21538213286413088
-0.3872842803242581
0.764699548886474
-0.21538213286413088
-0.3872842803242581
0.764699548886474
0.14808109571349237
0.47130594101352685
0.28035262886729995
-0.11406411403223149
-0.0042535775796251896
0.3836289564440747
0.09297287007907451
0.173020501888968
0.9134602416379133
-0.4583151439057268
-0.2724965062366417
1.0354935228793791
-0.4583151439057268
-0.2724965062366417
1.0354935228793791
-0.16611941673125763
0.21998755122342184
0.459018853098038
-0.30549104188054255
-0.40554089930301707
0.7805662761850682
-0.30549104188054255
-0.40554089930301707
0.7805662761850682
0.36108513434743705
-0.09704048714814029
0.42012666716642577
0.36108513434743705
-0.09704048714814029
0.42012666716642577
-0.3715085894432155
0.4737832596491037
0.6924772013283668
0.4790043771342669
0.17086526712194094
0.9954645114530303
0.4790043771342669
0.17086526712194094
0.9954645114530303
0.17337544807341954
0.1864036162062599
0.42645647657431995
0.17337544807341954
0.1864036162062599
0.42645647657431995
0.25391822619222815
0.41719479210448895
0.8674115787513917
0.25391822619222815
0.41719479210448895
0.8674115787513917
-0.33354184537589815
0.12086017945066663
0.2549214236637046
-0.0024347839601941423
-0.18181465909732075
0.779880422963487
-0.0024347839601941423
-0.18181465909732075
0.779880422963487
0.12985347598652397
0.214421970271228
0.8059079905580067
0.12985347598652397
0.214421970271228
0.8059079905580067
0.1944376196093922
-0.3516233347929535
0.7785245064322474
0.1944376196093922
-0.3516233347929535
0.7785245064322474
-0.18837301627139114
0.16681258317823733
0.585297091655489
0.10574894072435848
0.4053199210171716
1.0934862137581525
0.10574894072435848
0.4053199210171716
1.0934862137581525
0.15405744838805402
-0.39119085916366403
0.35732977475838634
0.15405744838805402
-0.39119085916366403
0.35732977475838634
0.12440370104021814
0.06857910940474288
0.6220162130617947
-0.003707565026687787
0.23234291085518188
0.3541988592380213
-0.003707565026687787
0.23234291085518188
0.3541988592380213
-0.3896588943785263
-0.3226291327351335
0.31809184554476533
-0.3896588943785263
-0.3226291327351335
0.31809184554476533
0.03510040877303322
0.2135576344110348
0.427021946117045
0.18920610703373142
-0.24822372913335433
0.9978597323546209
0.18920610703373142
-0.24822372913335433
0.9978597323546209
0.19955232218719798
0.12994724287532744
0.9292333061121726
-0.35464976245338364
0.17650308546623128
0.6638904959083465
0.3994155214135885
0.09640953958628429
0.4677232043700935
0.3994155214135885
0.09640953958628429
0.4677232043700935
-0.17285328686601054
0.010371237959577728
0.9135969681370852
-0.3405277359017096
-0.0248162308202724
1.0556452376175893
-0.3405277359017096
-0.0248162308202724
1.0556452376175893
0.4371335920203554
-0.4420707766670122
0.48371186412721257
0.23424528181253468
0.3208538668104558
0.8624364140620633
0.23424528181253468
0.3208538668104558
0.8624364140620633
0.02011216615208533
-0.12005827661409674
0.9598244856175866
0.16252023169824814
0.03678616269262025
0.31543551807047365
0.16252023169824814
0.03678616269262025
0.31543551807047365
0.03310535664928882
0.0999079767282105
0.8315992035674968
0.018064093884177623
-0.34267113422227824
0.8395840508671162
0.018064093884177623
-0.34267113422227824
0.8395840508671162
-0.0908197166806074
0.39281170785218733
1.0182636651009283
0.23771570694417832
-0.1771560004886581
0.4873426544240921
-0.19564030689844125
0.06631426967925469
0.99219021576846
-0.0836442648696959
0.4678050571161432
0.780945704250861
0.15209904001995622
-0.019853847150045123
0.4196617449133828
-0.03314820948690078
-0.4387152554116651
1.0798075347362868
-0.03314820948690078
-0.4387152554116651
1.0798075347362868
-0.24217346875458368
-0.39957695730014575
0.7496970613815174
-0.24217346875458368
-0.39957695730014575
0.7496970613815174
-0.07184450466184777
-0.47889601385661673
0.6158492027498528
-0.07184450466184777
-0.47889601385661673
0.6158492027498528
0.3190993641854454
0.05311227455260015
0.954850347176991
0.46990394634336163
-0.3043839311119493
0.9846769035554778
-0.2315148350161108
0.3337781841979577
0.6376604520557464
0.45025955778524185
0.3747410442354183
0.503402301151797
0.45025955778524185
0.3747410442354183
0.503402301151797
-0.23766701145085778
-0.06254576991218741
0.7321771463414438
0.280936983431893
0.08558783968199613
0.9205191472564948
0.20374699906321836
0.2569245960408353
0.757769561048124
0.20374699906321836
0.2569245960408353
0.757769561048124
-0.1074634195856422
0.4735739204728545
0.9313637004453583
-0.1074634195856422
0.4735739204728545
0.9313637004453583
0.38148814121931796
-0.15579145224798474
1.0120624458216134
-0.33107915992932235
0.31482615751872134
0.5476716840289642
-0.08537578666817824
0.14358740969705164
0.3311091535563254
0.33739835629416515
-0.05431931086439035
0.4589489664809109
0.33739835629416515
-0.05431931086439035
0.4589489664809109
-0.4064812893819134
0.03246313058696981
0.43287631005313776
-0.3987364454918749
0.4886325932639236
0.9990602284713792
-0.1864653779627662
-0.3784819532448289
0.7942643574617395
-0.37814612276852066
0.36322919303033896
0.7620647098066263
0.2721179727982179
-0.07719523097579684
0.7127898583250262
0.2721179727982179
-0.07719523097579684
0.7127898583250262
-0.4512783402757341
-0.2900207771583664
0.7990451670261575
0.20245787958318184
0.10465638039660408
0.6042668422772464
0.20245787958318184
0.10465638039660408
0.6042668422772464
0.417050535945518
-0.4219392618701121
0.5514257923292051
-0.3695248263471649
0.14847222876701416
0.5277372192549256
-0.3695248263471649
0.14847222876701416
0.5277372192549256
-0.4208759581151379
0.41311911686758485
1.0688246264664905
-0.27432207812735154
0.476144224932033
0.44113014100708414
0.07360922347807008
-0.007977714428039517
0.556638328808804
-0.39366667369505115
-0.3571442500582436
0.6911290486133858
-0.39366667369505115
-0.3571442500582436
0.6911290486133858
-0.268146066719111
0.41217835352414955
0.9639112796714813
-0.28591712149431003
0.4559618908878498
0.9188112188834253
-0.28591712149431003
0.4559618908878498
0.9188112188834253
-0.03150706582474072
-0.3047000221959584
0.7349531076691788
-0.03150706582474072
-0.3047000221959584
0.7349531076691788
0.4019035930723721
-0.42036857984559384
1.0479688924784214
-0.16055923546056527
-0.1933069242099108
0.27036679320879664
-0.16055923546056527
-0.1933069242099108
0.27036679320879664
-0.19938934161321153
0.0015532735525284336
0.6301188241674872
-0.19938934161321153
0.0015532735525284336
0.6301188241674872
-0.06322154870595909
0.18974993447643684
0.7991406729586248
0.1707010798510431
-0.09525902014299337
0.68646798918262
-0.25571005905180855
0.10641898272229844
0.3348547036306099
-0.25571005905180855
0.10641898272229844
0.3348547036306099
-0.13491960801995195
-0.024038776989410704
0.5583980859836554
0.0437338739176697
-0.04095833081336808
1.0004164353137832
0.0437338739176697
-0.04095833081336808
1.0004164353137832
0.06083858014004828
-0.43763098047452464
0.7691305313233698
0.06083858014004828
-0.43763098047452464
0.7691305313233698
0.16907047981056633
0.02232429024590532
0.36825701567608915
0.1832974054859826
-0.030554868520667133
0.3213368054016331
-0.26953899419898186
-0.32807868177972266
0.5697595862494251
-0.26953899419898186
-0.32807868177972266
0.5697595862494251
0.22451420528077304
-0.15981133103199863
0.2949842392983705
-0.2338769531182373
0.02414698052061326
0.7885679880509927
-0.4295025512943653
0.02322881884224781
0.9014976725578159
-0.4295025512943653
0.02322881884224781
0.9014976725578159
-0.29282475160435617
-0.45815052285118996
0.2992105983110084
-0.29282475160435617
-0.45815052285118996
0.2992105983110084
0.3501784761664227
0.4487109262566672
0.5184182884287647
0.3501784761664227
0.4487109262566672
0.5184182884287647
-0.33157896281140775
0.1351874403703961
0.41751104316423426
-0.055677926098994135
-0.32498004906058997
0.3945772981120702
-0.055677926098994135
-0.32498004906058997
0.3945772981120702
-0.4856735456946323
0.4526245481809915
1.0174582140101849
-0.027474403873073316
0.16441823300066294
0.4863380075490029
0.2977296510576011
0.36188761145298864
0.6558118078619153
0.2977296510576011
0.36188761145298864
0.6558118078619153
0.18212503718659323
-0.08815359267624723
0.9891233398283901
0.023963000317181127
0.4817796116771199
0.9828522258036381
-0.3495355580958688
-0.2464672758506664
0.3807972488261805
-0.43718410283862164
-0.42599371994157154
1.0686091255442582
-0.43718410283862164
-0.42599371994157154
1.0686091255442582
-0.09116876197643575
-0.21241211245641511
1.0141889672263893
-0.09116876197643575
-0.21241211245641511
1.0141889672263893
-0.38550678708562913
0.054384959379097375
0.9974466519946794
-0.38550678708562913
0.054384959379097375
0.9974466519946794
0.4152297729632438
-0.0008099634163495351
0.6617487696035814
0.4152297729632438
-0.0008099634163495351
0.6617487696035814
-0.14416970194136447
-0.4565569508876822
0.7807695418799024
-0.14416970194136447
-0.4565569508876822
0.7807695418799024
0.220340798559306
0.39484759617217435
0.5910659602361303
-0.21533343749038203
-0.010140899275594362
0.5647381517190099
-0.21533343749038203
-0.010140899275594362
0.5647381517190099
0.32969310799287577
-0.13935177984905978
0.6669864621538646
0.1692838878645535
-0.10572028758770224
0.42601024252549224
-0.3119905288862693
-0.40363935697052156
1.0375919591677234
-0.3119905288862693
-0.40363935697052156
1.0375919591677234
0.06552067961281816
-0.26981800798425615
0.373025861760131
0.06552067961281816
-0.26981800798425615
0.373025861760131
-0.22440064909486834
-0.4104251854515346
0.6219876991435475
-0.22440064909486834
-0.4104251854515346
0.6219876991435475
-0.31144144181949185
-0.22605075992022094
0.7924721455181063
-0.31144144181949185
-0.22605075992022094
0.7924721455181063
0.28050311758807334
-0.030796732135285887
0.2349655519583218
0.28050311758807334
-0.030796732135285887
0.2349655519583218
-0.48158223854875293
-0.1401274606318469
0.2866119352215015
0.1561872812885089
0.2929582578812552
1.0197755374022048
0.44125052027409506
0.2289673954729543
0.2753320949977659
0.44125052027409506
0.2289673954729543
0.2753320949977659
-0.01873054591832468
-0.34742589324068907
1.112588561036695
0.18764552388882727
-0.1955342292101182
0.3417005285341641
0.32619126769488294
-0.3544805283955953
0.9630957935089411
0.32619126769488294
-0.3544805283955953
0.9630957935089411
0.2949061640258893
-0.18150766770863036
0.5589047206568903
0.2949061640258893
-0.18150766770863036
0.5589047206568903
0.018904967655526628
0.29314181585904164
0.4670744930303754
-0.23380718154015934
-0.31103458930511574
0.8935439624775434
-0.04047943597751247
-0.20311363299468577
0.8081021446592747
-0.04047943597751247
-0.20311363299468577
0.8081021446592747
-0.32390015136863093
-0.1497519576829427
0.5269126002815595
-0.32390015136863093
-0.1497519576829427
0.5269126002815595
0.39836666540519894
0.09947905200991758
0.47171584857635407
0.39836666540519894
0.09947905200991758
0.47171584857635407
0.027749070279310284
-0.22115070056538877
0.4670249687035436
0.18814080982166748
-0.3910815748223344
0.527201367346825
0.18814080982166748
-0.3910815748223344
0.527201367346825
0.016373982142262378
0.11924067409105255
1.0671132345189522
0.016373982142262378
0.11924067409105255
1.0671132345189522
0.04910326626579298
-0.016561264352562333
0.5984001447870795
-0.06436598340024147
0.258950055617425
0.8561607734045625
0.0496567255293785
-0.042161998061272965
0.5926284491185826
0.0496567255293785
-0.042161998061272965
0.5926284491185826
0.3848620969871358
0.3548631144586716
0.7944005471872596
0.3848620969871358
0.3548631144586716
0.7944005471872596
0.48626208852527264
-0.4583639093881109
1.0346865539676964
-0.21713532248223388
0.48581324097637757
0.5110806156475424
0.3525966132700594
0.20912944838745062
0.28603609932531626
0.3525966132700594
0.20912944838745062
0.28603609932531626
0.004629992232173752
0.008224796969707793
0.7524857089653716
-0.11473114615235447
-0.4294470859186822
0.8895888437302066
-0.11473114615235447
-0.4294470859186822
0.8895888437302066
-0.3249597954197735
0.030514274185618917
0.4372327401013024
-0.18650198156364817
-0.0427948673810139
0.8615442324192962
-0.18650198156364817
-0.0427948673810139
0.8615442324192962
0.04806573345487164
-0.43448125194501686
0.4541099278239312
0.04806573345487164
-0.43448125194501686
0.4541099278239312
-0.2651568070435829
-0.23311485238684848
0.8560849188994628
-0.2651568070435829
-0.23311485238684848
0.8560849188994628
0.05550825122003711
0.17916420065952632
0.3881275158782552
-0.4365412527016702
0.16997972826464658
1.0456522383861175
0.19313366757120976
0.4519452926660976
1.0638883203621483
0.19313366757120976
0.4519452926660976
1.0638883203621483
0.1958220694377375
0.03688422577136985
0.23817261803034373
0.1958220694377375
0.03688422577136985
0.23817261803034373
0.2556161759661866
0.46663282796353234
0.6972675232097206
0.25422760563888547
0.3986523433699344
0.7212171329704359
0.25422760563888547
0.3986523433699344
0.7212171329704359
0.26379653753009025
-0.30798324056304793
1.0038663483591113
0.4059178457138358
-0.18315859522921063
0.8076014226208748
0.04551297871642368
0.2220068572457754
1.127796776952676
0.09480361799287818
-0.24093643500017414
0.36199467003918584
0.09480361799287818
-0.24093643500017414
0.36199467003918584
-0.3571913668311829
-0.1083464328369288
0.8132243028544391
-0.3571913668311829
-0.1083464328369288
0.8132243028544391
-0.4543172861786009
0.09421430952712895
0.4453083907800932
-0.12882648317383472
0.13716251402145163
0.7968231859006538
-0.12882648317383472
0.13716251402145163
0.7968231859006538
0.4260724145332766
0.16216277153216174
0.48417505549396855
0.4260724145332766
0.16216277153216174
0.48417505549396855
0.45937323910976147
0.16917673966169144
0.9884135425840633
0.45937323910976147
0.16917673966169144
0.9884135425840633
-0.12089413381271319
-0.0278858565373461
0.7973508343624722
-0.18916225132365916
0.48370783625837455
0.8673856977568727
-0.2429207117422023
0.3275944072113759
0.33445309408423063
-0.2429207117422023
0.3275944072113759
0.33445309408423063
0.286905016484572
-0.40023648806808776
0.3651601421567866
0.286905016484572
-0.40023648806808776
0.3651601421567866
-0.4463694225687169
-0.11770098362373249
0.35527150962072684
-0.4463694225687169
-0.11770098362373249
0.35527150962072684
-0.07080614931437834
-0.48572072370763864
0.5000765499032374
-0.07080614931437834
-0.48572072370763864
0.5000765499032374
-0.22616272927596537
0.23706125446845494
0.6003826804730715
-0.026794053694112363
0.44035815468282047
0.23388295328896547
-0.026794053694112363
0.44035815468282047
0.23388295328896547
-0.27770333234995026
0.41531226205622696
0.7784137093749759
-0.08155024943431455
-0.19870849628176857
0.6981008713577006
0.10360770502394123
0.08391203908055611
0.350140348903342
-0.26768079201420136
0.434669013030049
1.08674759628222
-0.26768079201420136
0.434669013030049
1.08674759628222
0.1488757668314089
-0.2517773496842881
0.6342379718043879
-0.36801439878126063
-0.28923948649216713
1.0608784189702432
-0.36801439878126063
-0.28923948649216713
1.0608784189702432
0.1485511663796779
0.26393805896011335
0.8118277550659416
0.07283350415284828
0.02965520637589958
1.0644409829422918
-0.15908604294580153
-0.14642621547051837
0.9501116431033583
-0.15908604294580153
-0.14642621547051837
0.9501116431033583
-0.46897920739438603
0.04892791145117514
0.3568121915875523
0.2912158411841842
-0.4058361219803507
0.8020943932216607
0.2912158411841842
-0.4058361219803507
0.8020943932216607
0.19180499696500775
-0.34349606719470893
0.8866360560486944
0.19180499696500775
-0.34349606719470893
0.8866360560486944
-0.12304392537052322
0.42231878010207835
0.3864226046939866
0.16111582228818866
-0.2447400721200551
0.5483388826191135
0.3574301002842636
-0.29835882006688785
0.48608777586076657
0.3574301002842636
-0.29835882006688785
0.48608777586076657
-0.1667515001675901
-0.13129212118411182
0.48462040739134615
-0.1667515001675901
-0.13129212118411182
0.48462040739134615
0.46661985278544704
0.18787876798788172
0.33078474976633865
0.46661985278544704
0.18787876798788172
0.33078474976633865
-0.016210072707618428
-0.048234663634578845
0.5329004575389886
0.4482533397370406
0.28378175451973575
0.6350763842594105
0.4482533397370406
0.28378175451973575
0.6350763842594105
0.17339558845029923
-0.044719507323157104
1.092146040131904
-0.44429826886729984
-0.44653976994751254
0.24530099626809831
-0.44429826886729984
-0.44653976994751254
0.24530099626809831
-0.3137446588422763
-0.19044908016651685
0.5776760631755831
-0.3137446588422763
-0.19044908016651685
0.5776760631755831
-0.07796705298847051
-0.04437578147983201
0.7982069051426939
-0.07796705298847051
-0.04437578147983201
0.7982069051426939
0.11316781821539634
-0.46994894418774724
0.7603600318232836
0.11316781821539634
-0.46994894418774724
0.7603600318232836
-0.05283053883080824
-0.06926023118584634
0.3161701782649231
0.058886029937421425
-0.030500568779975534
0.7910594489958017
0.058886029937421425
-0.030500568779975534
0.7910594489958017
0.1830507955112134
0.30910815871864494
0.6840206570559269
0.1830507955112134
0.30910815871864494
0.6840206570559269
0.020261110218866674
0.3120170094531206
0.26354667188642544
0.020261110218866674
0.3120170094531206
0.26354667188642544
-0.2949312936935372
0.39482698913586434
0.5631689937973109
-0.08528022585527262
-0.3660347649245138
1.0202105643633108
-0.4639188361703259
-0.1289323074441221
0.3839578493621303
-0.4639188361703259
-0.1289323074441221
0.3839578493621303
-0.35960056948745744
-0.268620879342487
0.8086357542604401
-0.35960056948745744
-0.268620879342487
0.8086357542604401
0.4413316985565807
-0.2539036020207661
1.0789485811064978
0.4413316985565807
-0.2539036020207661
1.0789485811064978
0.3528827638124209
0.29292431991229606
0.8656146971583979
0.3528827638124209
0.29292431991229606
0.8656146971583979
-0.35711994439970396
0.11564066615380686
0.3216028229509711
-0.33402921325651713
-0.4757321430987639
0.9557992629845278
-0.33402921325651713
-0.4757321430987639
0.9557992629845278
-0.14092900517225415
0.4209180745870439
1.0277668909864404
0.12992258419123603
0.07750661806460768
0.6923261408276616
-0.303846787131861
-0.27350577652430763
1.0703696221123598
-0.303846787131861
-0.27350577652430763
1.0703696221123598
0.37041131190074017
0.04279037684394338
0.8369958352039831
0.37041131190074017
0.04279037684394338
0.8369958352039831
0.2667981282851152
0.28088467910507653
0.7534108170429129
0.2667981282851152
0.28088467910507653
0.7534108170429129
0.30584621067876405
-0.47359081338103703
0.7575228920104812
0.30584621067876405
-0.47359081338103703
0.7575228920104812
-0.4548813524988591
0.019195577260095686
0.33369620305843295
-0.2186863886040411
-0.4621578188080503
0.7495861863384058
-0.2186863886040411
-0.4621578188080503
0.7495861863384058
-0.2739872305064265
-0.3916435316418402
0.31264000089790844
-0.2739872305064265
-0.3916435316418402
0.31264000089790844
-0.36008077151708184
0.38013537572203593
1.070706185504173
0.4141336354173131
0.1719054782867555
0.9015676128597981
0.4141336354173131
0.1719054782867555
0.9015676128597981
0.12479493474831327
0.44560376921198075
0.8860718932225007
0.12479493474831327
0.44560376921198075
0.8860718932225007
0.1965177159978263
0.2081160450212196
0.40299964877428407
0.1965177159978263
0.2081160450212196
0.40299964877428407
-0.07901190081916609
0.3500909095758269
0.7728729248875229
-0.07901190081916609
0.3500909095758269
0.7728729248875229
-0.1947045311401746
-0.022490005898568977
1.070689167399662
0.39790063321908486
0.31649738543390904
0.39744426859713067
-0.46225786392298507
-0.3452121324692313
0.9189286454410261
0.004963780313432475
-0.38425314303688807
1.1025313208894825
0.004963780313432475
-0.38425314303688807
1.1025313208894825
-0.2880077193823868
-0.4465502956729901
0.24621707084902666
-0.2880077193823868
-0.4465502956729901
0.24621707084902666
0.20344326168450233
0.30058085327499984
0.9922503478188065
0.20344326168450233
0.30058085327499984
0.9922503478188065
-0.24760484592195142
0.021962018381534998
0.4232542939204834
0.36886411395119956
0.254852027391243
0.9560953319355113
0.36886411395119956
0.254852027391243
0.9560953319355113
0.4847352731246194
0.06194258676732245
0.3766477867929975
0.4847352731246194
0.06194258676732245
0.3766477867929975
0.36885778238469213
0.052637695257591544
0.3229756261854384
0.36885778238469213
0.052637695257591544
0.3229756261854384
-0.30815786705941495
-0.04432804992320538
0.3455655820364971
-0.012981733625225145
0.1209903087276798
0.6256785778922788
0.409505500400717
0.35423655948856747
0.7168318251998785
0.409505500400717
0.35423655948856747
0.7168318251998785
-0.15597467949088883
-0.21673230615709005
0.5003995382111783
-0.04913409331472518
-0.032400003609014294
0.23917870548802822
-0.04913409331472518
-0.032400003609014294
0.23917870548802822
0.4687211982795889
0.04297384471832677
0.8225781931599001
0.4687211982795889
0.04297384471832677
0.8225781931599001
0.25038499839175365
-0.42684014735270326
0.25480344090430695
-0.2059909943233028
-0.4331965162419589
1.0086727320967208
-0.2059909943233028
-0.4331965162419589
1.0086727320967208
0.4127650170153606
-0.14819112682236113
0.8525867005087102
0.4127650170153606
-0.14819112682236113
0.8525867005087102
-0.2346915784137692
-0.3859639454188353
0.5921824099505656
-0.2346915784137692
-0.3859639454188353
0.5921824099505656
-0.4640737644484325
0.24237576476132228
0.5665357228552944
-0.1392268618745025
0.2005776681363215
1.103233778860719
-0.4868542696325303
-0.12943859040918793
0.7345146411978413
-0.4868542696325303
-0.12943859040918793
0.7345146411978413
-0.07321636999652659
0.02236975267089769
1.0980023961628245
-0.07321636999652659
0.02236975267089769
1.0980023961628245
-0.3980879411374504
0.260126967623065
0.386291064464759
0.4405121344966386
0.2949870217900433
0.8981740386027589
0.4405121344966386
0.2949870217900433
0.8981740386027589
-0.057682385090185195
0.0706810603314797
1.0797830972445297
0.13092749328950315
0.12627786638891103
0.7635764778561687
0.39344536966860444
-0.40604632694722664
0.9331783078824161
0.39344536966860444
-0.40604632694722664
0.9331783078824161
0.3658201718298242
-0.21978603273381703
0.6929623644859669
-0.1176144163814482
-0.4491044999976368
0.8081320579231572
-0.1176144163814482
-0.4491044999976368
0.8081320579231572
0.4371357189271303
0.18344807362453908
0.8723029244960968
0.06531147173328167
-0.3134679674721714
0.8965603012829668
0.029888672626331658
0.021246069963458014
0.5994594443660654
0.029888672626331658
0.021246069963458014
0.5994594443660654
0.3072564526326439
0.3069953225659561
0.5990589961761292
0.3072564526326439
0.3069953225659561
0.5990589961761292
0.45730877380008716
0.4312120534806221
1.086262128249163
0.45730877380008716
0.4312120534806221
1.086262128249163
-0.038216303814436525
0.04238572514214067
0.4341941276117157
-0.47959362113105464
-0.21779479713985828
0.5407517149936538
-0.47959362113105464
-0.21779479713985828
0.5407517149936538
-0.007243142175436201
0.44943423551015593
0.24846251968615285
-0.09158665268418387
0.3233922503538682
0.6774686897188746
-0.09158665268418387
0.3233922503538682
0.6774686897188746
0.4497180388269112
-0.2157739501822682
0.4948546917935175
0.4497180388269112
-0.2157739501822682
0.4948546917935175
-0.40383608585973585
0.3743228723798844
1.0335591296063769
-0.32813130089197573
0.17890261980604028
0.8551209143480484
0.39651465231362115
-0.4441308241735641
0.2888319172482101
-0.379862118962634
0.3661674122780265
0.3113931335666338
0.3419793866257337
-0.0008579278314813088
0.7904039742024094
-0.0815949658186238
0.35411551796827534
1.0545821810855922
-0.0815949658186238
0.35411551796827534
1.0545821810855922
-0.11252801179941607
-0.35049887788844203
1.03703852598377
-0.033006734652404224
0.22100428162413943
0.9522208951063883
-0.033006734652404224
0.22100428162413943
0.9522208951063883
0.345149377549005
-0.12594864723708243
0.7814779100939551
-0.2750676579959528
0.47268567499545067
1.1229797293304995
-0.3436036054512611
-0.11782357739554905
0.714276374236692
0.22528186166751418
-0.4328809002518752
0.3424387979202107
0.22528186166751418
-0.4328809002518752
0.3424387979202107
0.21608673816427415
-0.061228469582543354
0.9840728821852399
0.21608673816427415
-0.061228469582543354
0.9840728821852399
0.22038795911082143
-0.08530745919829774
0.38459245175223566
0.028805280101142028
-0.20964611405610256
0.6462169285996702
-0.2424312171259293
-0.1457737073557207
0.8637339027660651
-0.2424312171259293
-0.1457737073557207
0.8637339027660651
-0.30424109789981346
-0.2788689444140442
0.493574621298308
-0.30424109789981346
-0.2788689444140442
0.493574621298308
-0.10320196494407796
0.11299696553039096
1.0037685242002115
0.08872858482811208
0.28785694350797
0.8901755281992054
0.08872858482811208
0.28785694350797
0.8901755281992054
-0.29011300215538405
-0.27824724057225403
0.31778985399722315
-0.21129448864995326
-0.2889054034501912
0.5756851710511387
-0.21129448864995326
-0.2889054034501912
0.5756851710511387
0.0083550527677283
-0.39594697789305144
1.032927789555592
