-100.9215121504245
-144.39375901883776
-122.1497224603282
-133.31328749606948
-116.23150516318863
-47.22985950729898
-52.839421357035924
-126.21383860425192
-62.9339009926765
-41.22818996996935
-76.10606179264062
-102.12066953184527
-108.46209189195977
-53.08842164959549
-48.250371764281766
-64.98620340112004
-62.91407577126515
-56.72680804482604
-95.43966387624296
-112.72581938704455
-111.76370487827957
-151.96598573136677
-58.710538501967825
-64.2185871074874
-97.30327849021425
-69.3894761978809
-52.249974129721096
-28.670386356259336
-65.1107588349453
-96.43492275948486
-92.61595570251946
-71.64899339513552
-54.67001418056047
-82.18220506524659
-135.46737432737766
-59.826365383787675
-96.65255156412927
-101.79509782580479
-79.99936141791443
-94.8455802764874
-99.35428366302976
-55.26683094097497
-49.628515999247774
-95.98917630387396
1.460640354531597
-113.16004113387311
-106.88507104946004
-56.87162293359395
-60.75686815623247
-101.95770329621013
-133.6349222959016
-75.18522135340832
-60.16388563865917
-64.71584396226132
-75.2184361268637
-57.55553401931231
-65.68842563675415
-98.45609852265811
-104.56809663341124
-58.52538233779112
-79.7525017584435
-60.34994607733821
-78.26892978648762
-51.368814218238136
-69.33686952028621
-76.51375290179556
-89.67286976399886
-41.223480944240684
-72.3874981176023
-111.94004776309664
-101.33674268195045
-90.56975338623461
-179.64522642110168
-52.34643577254614
-36.06080746887897
-83.5913732771244
-60.17887317801971
-31.675476984557832
-53.36792557927617
-67.89177093373124
-63.891368986854566
-57.23024886250521
-81.47332064213568
-48.73094581420834
-90.83997548796586
-79.26514775175659
-107.30531443275923
-91.27081432761096
-68.40906118406625
-74.65385898542657
-93.45057890102557
-61.51530728605094
-79.44161773110461
-72.37652451264019
-84.5622025537642
-94.63862624529973
-79.52956674507595
-110.44975349423957
-67.39584927824461
-63.95235976824223
-75.3057461621269
-41.427716987763375
-63.262760150268704
-80.70514124419768
-62.200488078389014
-55.68811210071177
-56.50601992953905
-112.40084513001392
-74.66379157494899
-82.9581429878172
-49.664490479277625
-86.17201115341182
-56.05035395110848
-58.978754843317226
-84.68197632881294
-86.4868084292634
-77.82874475443413
-119.85240796243998
-89.65151135111375
-74.21932183525927
4.307138145550304
-81.11692756513258
-99.77419913578709
-152.0602168712533
-127.52676552309742
-34.91713573253478
-63.60907168244074
-78.41767016270852
-57.319533939321936
-61.690882126216835
-71.02617159022904
-83.65643206590256
-94.33241926702739
-88.49872034055716
-121.19949716170599
-59.83749990416968
-138.0636408338065
-124.6060822538436
-72.35772287024913
-44.98520135336248
-74.71704016108274
-92.78341567758436
-86.06420747980506
-72.12119922539618
-63.282293501302895
-86.66625200871152
-114.75579984659551
-111.88381162102532
-106.28046888657478
-113.99893498479473
-135.30033847944568
-78.73294828164305
-87.41990404195526
-75.87459888506935
-49.49500713461813
-46.9510389420988
-113.9551399200623
-79.1018542267445
-34.361430238717986
-52.295095113339784
-81.31459213786088
-118.71437354654202
-70.46361026809471
-73.04183413778095
-114.68945374730393
-142.19973590187186
-83.90529799034483
-113.35242047272715
-93.0184122893134
-183.35186400493117
-91.82794843987442
-62.18834642248506
-63.1062976889814
-67.2151620984062
-109.97431536384538
-81.43704296375992
-40.830372184026274
-80.9003814528913
-97.28194060618256
-56.99525911515216
-111.3239502776889
-32.545563021667895
-81.0959318988545
-64.8420345680872
-73.78391495633623
-132.0499264186507
-76.37172806809191
-71.87272724523964
-64.65038146311612
-86.77221205684909
-52.497695901710216
-64.39681897794826
-123.87461096948941
-98.9750403509256
-122.08755183023385
-106.19666760352757
-65.49209675371873
-69.25671124189016
-80.28119714221945
-100.74361604331341
-65.38779570126655
-48.90586734007362
-36.37782786530648
-68.20015499716733
-74.50562364407693
-40.150962278380064
-80.35799718484496
-76.34323510913701
-109.13959869707135
-97.0519579352388
-67.99418710780878
-105.34864833641788
-109.2908360126796
-47.88834060155444
-51.65578717574024
-66.16706295623838
-58.87104485603431
-54.56292366046659
-75.97168935671823
-115.35071689119933
-61.21097680451823
-57.07984011233534
-65.99587595863645
-101.16662545473014
-153.99702668216798
-49.31877281843774
-61.69999942178958
-36.340650706308715
-46.33917444376932
-58.67971393115845
-86.71694380012161
-38.131688577654764
-65.07967934088227
-63.35173702762586
-47.85066031640486
-78.16420393752317
-119.78111841094177
-77.42368401165014
-67.69553574081012
-101.69188352741104
-131.2718277280596
-60.88249955295692
-70.63029358833086
89.28830903915822
-61.23222946071282
-119.57292746580359
-111.20035192573226
-60.14080107404739
-48.770039618533126
-54.299198398205
-81.56760468826886
-76.41977129049737
-84.771268637263
-107.60465600371894
-110.04757240192
-54.9354351814487
-87.1310441077791
-62.702808885369045
-84.19470493142741
-92.49839459670373
-146.79858890625488
-66.29286510704131
-68.9079497853305
-70.26235686804694
-77.75754007443793
-60.159778365937186
-90.27684797121874
-85.82363005872132
-57.41570791233682
-77.07277103372633
-85.33531238488406
-174.7078273893087
-70.62335612681056
-73.65379827275284
-97.73384286359301
-80.57268597707352
-72.99873648207966
-105.19556253461246
-100.22241802040676
-81.72952987736183
-77.74816218836847
-69.83050803912498
-92.23754910587397
-49.29942801028352
-72.76077797203034
-125.36977162270095
-60.53273194969352
-49.49407903751301
-40.14960764404066
-64.36003032803018
-96.18567371682704
-77.2881982617881
-92.59036103229182
-143.92586800560662
-74.33791871376941
-51.33827726273643
-100.89995184388493
3.7456781586758336
-79.1420539600567
-52.09556761623749
-67.28500223210017
-54.01486224998898
-46.07556941217966
-103.68083220331285
-116.62246536314692
-114.57629856640057
-53.98498900073266
-73.92742095088842
-64.1773599000496
-85.35847699629221
-69.57899802375006
-69.16976570960169
-92.0885769129104
-47.55943424635361
-74.51574616645246
-114.93357414480819
-150.0942199337272
-74.16692425540745
-56.50434792528984
-41.62817203596219
-31.15951492184378
-68.68293220480248
-60.27842558347525
-102.18273110087952
-103.30223024531062
-143.73836067935818
-90.63304038196203
-92.57729198091177
-162.67170918010095
-66.55326479479263
-106.68156544939197
-46.34194339241283
-92.61674683610475
-68.9578643869991
-51.2405066829495
-62.35193654395163
-41.02921911044309
-79.88838560183548
-106.98624048840027
-59.5877448855236
-57.80983431509451
-99.16668257152891
-71.9942406415307
-89.78005557513714
-99.84032603471263
-57.95795513016195
-53.34797952027658
-64.23843278834237
-54.06344611717022
-40.813248174137634
-34.553566305719556
-59.45083806939563
-65.19597697872813
-41.82750779875464
-51.43003772761929
-94.2143200147773
-88.37123004890654
-75.42778160541286
-87.81852316739678
-73.62659446052955
-64.22432565064858
-82.87702352436561
-76.01636274545277
-94.35319920710995
-88.48808872264408
-64.54887901899694
-74.42910793684814
-163.75033449699134
-92.52591888537508
-72.12798975635887
-60.35231706718266
-58.135502586078886
-115.30170862803041
-95.05320521752034
-60.79323963558185
-87.98867723221274
-128.92572502347917
-96.29145964139238
-130.04755299346152
-49.7508713232234
-22.035773241132738
-71.64030715317162
-107.1444298648325
-99.87841925661066
-121.50303345319057
-170.7753690725924
-84.21982254530822
-84.0607297564923
-69.54243106341775
-50.03748535728056
-33.919410868016875
-76.5500067733232
-147.4583880333115
-64.94766658829603
-69.80917220589436
-44.238023138702744
-84.16191307076589
-121.24286006924916
-83.78302702748285
-51.17253302838411
-45.149005589723764
-52.577942615600215
-100.33755674759263
-56.454544588687206
-104.0747737668556
-30.91103709563896
-53.21905068169851
-86.17928420616003
-57.36492896022583
-81.13788006469983
-62.0905034317209
-73.886044669717
-66.42690956669819
-81.54372021109533
-94.85057650879409
-58.913082634286816
-99.71961524648945
-106.88910867507008
-142.70921374795878
-17.43944985877238
-34.80685348129619
-32.49141663693695
-117.00634171406506
-12.278218475596228
-36.77189213759158
-85.11976747276695
-138.67816432385328
-70.13666713534404
-61.11226831309083
-72.03374391877834
-72.22363129485883
-53.780140218038994
-88.60123192022368
-99.51125749838153
-94.14341255605063
-117.94290796815362
-118.3416750397627
-77.14675556881255
-34.911185397656894
-143.6462332561378
-33.832137289815265
-66.9113124278578
-101.23589553273885
-108.08984665455701
-57.30484726522972
-91.82345657961373
-70.70071874151361
-39.96459201563087
-55.64600451453861
-103.81521313085192
-51.971106963156856
-49.846787787871236
-49.048424315677956
-65.96766876385486
-108.65690978181254
-50.79416613424345
-28.11665812497462
-82.25270760023048
-105.83460122226325
-115.05300026573263
-39.09144001400599
-57.62429751799084
-45.67486515765746
-119.54712380172323
-70.37401071817521
-36.15611761442585
-80.63312446343281
-65.33151259702508
-61.87536258064471
-49.293298538846535
-41.706831532093425
-27.40761609818176
-38.37592856025712
-71.58955061627805
-75.14002052880677
-108.92808487952642
-57.329750378720775
-73.82323172355309
-117.93680803743023
-74.42065456576822
-130.58352716676762
-106.0867205775082
-74.86943750627061
-58.53727780921315
-55.16647214228245
-108.6461943381647
-114.68681465860064
-87.33628269454867
-79.6919471829569
-66.88376835908053
-122.21248984914956
-108.04790107220533
-62.68326697986913
-12.890228635673004
-65.4126033653659
-116.89759316275479
-93.76994342237184
-80.29379383379224
-71.93969359773897
-92.0960907866091
-88.53828240773198
-73.02298471947512
-98.14342152116484
40.85634182743819
13.652333998082737
-85.26192063641597
-55.67412115396791
-34.345552270827824
-42.82406700441016
-65.70676294417311
-72.63438193123352
-83.44471737304559
-84.725311109917
-54.7950980647716
-104.56555610280537
-59.08383732439864
-67.35486998345418
-153.608565064401
-72.04815925401998
-53.52100581519922
-92.91688577272275
-93.79292722933744
-68.74913376667597
-90.99096282184873
-106.64901902021731
-98.10056230229773
-121.04753937721415
-98.59946363916472
-63.875307317975654
-58.6410418949367
-121.03933933010202
-70.6499367996934
-67.24344132653216
-82.68369032215458
-100.84762184543013
-108.63158354045925
-102.18717217897799
-70.91497279328603
-85.08538866002752
-73.84361767895919
-121.63994581858827
-163.05635861912313
-120.3796992997709
-102.04102038794932
-70.11862621466742
-58.92295530013127
-51.241596287535735
-58.25483250636128
-128.80778904311916
-141.8719842319529
-93.690618830616
-53.48110112188579
-75.6619828400373
-50.561130304964564
-77.7255109978345
-146.588866867397
-49.27327189245823
-96.27189756613976
-70.23657137835114
-100.69193711183063
-86.40417904545697
-37.40445698295868
-88.03599808710166
-117.69859545902492
-79.6970581121292
-50.600744683561395
-81.13140840815309
-70.79390339311475
-94.69023495431621
-132.67946913320216
-140.33855406577183
-13.598055305408819
-76.0299408580481
-112.5872818818867
-84.52907839344532
-159.27752624319876
-89.60681355049465
-182.5374387020718
-93.0961026239721
-103.32040755587906
-58.077373954468534
-122.64083342642334
-80.22794570263703
-106.29650790783019
-77.75693534227646
-109.8606191063839
-54.28431456664397
-24.649027388153332
-38.82441652712359
-94.12004951305015
-58.61959481144924
-33.875518203654295
-28.344662584753017
-66.51866892662548
-122.13486672874437
-110.1030938330339
-117.97426704764746
-75.2243780860604
-37.494818030252745
-54.05285951424896
-81.41405563957329
-84.74952680570442
-61.91885146389136
-81.18211079423203
-63.3420669165401
-50.001795370860634
-46.166097045849384
-55.31559314721595
-76.34080671494054
-57.78350583313557
-59.37302823076553
-105.6322373861633
-112.90764262989931
-70.29899803385938
-40.76479383161233
-109.52193754793676
-78.04967906721728
-79.27469142678866
2.1121487524044653
-74.70140847011639
-74.44438672663719
-65.60040328354458
-80.30172376838024
-55.3046987508204
-84.59530365180586
-100.65070921880235
-82.1741854142763
-58.627795184311665
-92.25174612732125
-78.1445965575907
-35.67251288149464
-51.62339266250757
-72.51818253764698
-141.8450723362315
-69.56904487963176
-91.5747424639079
-50.618670376635656
-74.06041665814338
-114.20049034106945
-93.22221234894958
-94.13665230004098
-103.33795768519717
-57.01157388847658
-71.89704596964833
-130.98020384539532
-186.52824084159735
-102.87244326781088
-55.77662154020057
-91.4705973353684
-78.42153308137428
-62.42070564961273
-43.61218095564624
-105.36895517027324
-114.80705527307629
-91.88394573478088
-60.85945311003881
-64.13143211216699
-128.36139738287596
-86.44060414903976
-79.78336167298387
-50.14202332685365
-35.33735809825677
-39.845620097454734
-47.943124820930464
-39.62641586509011
-4.717241345230822
-61.26444836728844
-99.68434613437731
-138.08651740112595
-186.574281286314
-71.31599804483336
-76.47138048151545
-62.72421678805637
-59.08694871643526
-69.10764500515663
-40.63289150329727
-68.30448662670752
-67.57438632292322
-121.76023228859145
-91.2385570753157
-86.28983362284633
-52.43917257358184
-42.125192320881965
-58.0568514149126
-61.69398384085778
-23.13438190711824
70.92845925271135
70.92845925271133
-16.363025728742347
-48.15648932669571
-104.11676051132096
-103.42133566130414
-46.26640956720336
-48.945928223830265
-58.03321636008801
-54.4173605549651
-29.26351487721015
-16.10422789092746
-68.03836210531193
-55.23259216463277
-110.19486289623438
-88.23584485576316
-91.0630770577598
-81.74797023118553
-72.54792023913932
-80.09644337118011
-53.59158500245709
-86.75026375827532
-54.22261068352437
-48.08538399057879
-37.38409798688301
-49.752224961010214
-54.138947832599804
-135.32469083099153
-74.48909009994577
-98.34311216215927
-134.5640258376393
-95.2268155699363
-102.5488192791594
-87.9076184999064
-39.97813164790331
-37.78768220673227
-73.02031652190107
-129.7291582712327
-161.71154661199742
-98.83531164952664
-90.91963262771465
-35.12224930345014
-61.13741715722076
-36.80952926730201
-77.09565787280937
-133.390530281206
-70.7063726324664
-52.11327981951441
-110.09907410109172
-153.90035259536208
-78.03266278398357
-134.73126069751828
-105.70308597831566
-75.36570439511489
-113.26027866304109
-119.06530852301887
-123.45851560988561
-168.09426378738473
-52.95026668016554
-92.07605208821772
-84.2021273661739
-46.63126503125447
-60.76631582209544
-85.43475465534776
-93.25237730482803
-63.449511303175186
-49.13327162743001
58.43370461691687
-69.29940528173815
-76.39675304843972
-113.01346673915782
-83.30407650563899
-98.48165150934398
-90.67804869467183
-71.15588246613832
-62.2002769752918
-36.999943022178805
-65.474940352113
-81.29240791556278
-74.95348143830248
-66.91922396794432
-56.53773229204084
-51.33839765987164
-49.53412053706819
-72.07520180100326
-96.19221067054858
-55.04191737694837
-55.95103256042247
-122.17677864562623
-107.67248297433126
-56.89586823928355
-37.86391173122871
-34.0050580788161
-114.31191465998526
-127.04027217398452
-80.69848565820551
-95.36065196672727
-120.15110623046999
-50.537360147743044
-55.70100413157852
-55.80167072229854
-79.40024284829641
-80.69333915595176
-73.96309421094723
-78.79052236330514
-66.96735743988839
-22.155560043669887
-82.70848849096902
-53.26709565345265
-75.00047851497132
-111.70147053639374
-90.66277441325774
-94.0518064341006
-45.87882404617791
-62.90974355816923
-70.48468089065452
-72.16736595946941
-73.1148019773559
-62.28331952008119
-65.52272300944529
-67.5728574900628
-73.32041622716935
-75.89776975590918
-112.03297234337049
-95.06332640246927
-74.22267885024954
-34.77165521498184
-31.77997547082509
-62.09644109497843
-78.4291571418298
-44.49722920177294
-92.18119226052676
-138.32331365023134
-98.32722902700081
-48.27570493752948
-32.5851166488499
-24.72156399633553
-45.60080034057207
-128.1994633714587
-66.57969218687064
-60.473617854438174
-62.71056011656582
-77.47233122360022
-103.88627946605693
-110.71412668593923
-111.56241245947803
-116.08978439313613
-89.67821385480478
-98.63943428717008
-63.986206893403406
-57.5334176437185
-90.14478924100248
-83.2789107732421
-34.952331486661905
-64.44182424338086
-61.60389482354913
-39.04041392099306
-96.27400889863199
-83.70352772211562
-47.96942311366465
-52.72115694499651
-64.43925315039492
-54.82885811937433
-34.75786927809111
-66.05887413353322
-37.94054291241125
-44.77470396333611
-71.10945807110038
-112.41268126813378
-113.84230652237342
-86.26622724330934
-108.00047160898546
-49.9294467981679
-59.575001816223484
-130.61338483910876
-118.81123922755806
-85.39075862724233
-88.92426619232015
-73.28457387105887
-67.44532917470167
-57.67934032737703
-99.34080359124378
-102.01071760996001
-118.46541048229622
-111.16848640343316
-98.10217949087243
-72.85012552957292
-50.546588915564854
-66.77888290040299
-112.07453620912221
-132.188080253171
-84.04375883332624
-46.470928031179874
-41.71483453208905
-58.98092679478063
-63.40703890337077
-70.65546393574843
-96.95357399969332
-3.968564177451769
-95.49042616556662
-57.01828545899366
-53.899522163506546
-79.85630791200835
-91.01867467057353
-43.09661403146662
-90.78461137929634
-103.01159143590182
-103.21697047057368
-75.73421201791041
-85.97052541558497
-54.56043015914029
-71.7958387660118
-73.39757092065571
-65.42878509014187
-78.4623115557191
-31.945878026559058
-49.67000656303855
-59.83588403887596
-56.16029376075051
-48.20507191316798
-103.62695768036907
-98.13691701427975
-95.42890125899413
-117.48368074618617
-66.47578600328124
-60.57842534987013
-50.63448061022827
-41.51176781025444
-87.1334959045754
-59.3677682375849
-115.35083325429376
-129.1128658091141
-78.80632557399007
-82.23444310159454
-51.60821902279681
-48.64723821090401
-67.12662560736882
-161.56807277696953
-113.13650908624601
-78.82563213924908
-52.15766391562793
-60.11334225523049
-86.6462208043279
-119.31347114498102
-39.97434485033827
-33.19572689262441
-33.19899512200536
-44.74792186041357
-87.42207091964703
-79.18325643739838
-32.82075440965872
-53.45173197396033
-103.77064255411942
-103.35891207648991
-87.2677401170966
-99.41729597425271
-90.46265300693412
-129.15111457025054
-85.7772037927898
-53.363937450267436
-74.27015179081317
-12.141219240508356
-96.28569403035607
-96.0367919362788
-56.43660548239425
-29.735841024481516
-50.75025719918806
-17.61655799249783
-66.10042325570672
-84.53203081460273
-116.24252295476319
-34.53232231401234
-41.61006052196172
-64.27734078662527
-68.81497970766839
-96.37897127644665
-99.823634226007
-69.56121781035255
-39.724901584472434
-48.01393540639512
-122.55407554935762
-63.76033913432128
-60.66968957483031
-88.32428793301885
-60.806443546524385
-83.72923682249696
-100.81362046726814
-110.22852308176942
-107.48898548250837
-71.50374501892873
-80.27100324400706
-60.01588901326068
-61.16858952841023
-54.534106496270596
-120.25081878964099
-80.04771135853424
-49.724502929966825
-34.672347447954145
-52.622286922515094
-28.830754850192477
-49.255927560298545
-74.61234469223044
-101.43994036010237
-124.24966419859139
-140.99623472871633
-41.63503719613451
-34.40132050555841
-107.86002683526279
-117.80828280147908
-48.38276007741527
-59.12631560543602
-36.06440954167849
-66.59289477201237
-42.27621672818163
