-0.2394765882138209
-0.02046744129048439
0.2376474410037258
0.3960416064449316
-0.12858108377443267
0.25183882215513054
0.09474335425756031
0.3861893084414927
0.3802834110288782
-0.33444972249218763
0.4620187004985511
0.48200183410697095
-0.19230186731413368
-0.3971817833273872
0.8595194238961221
0.011884990753170621
-0.4057774669019161
0.551643528545737
-0.18743762432672517
0.4225245754770308
0.4601613488600078
-0.35688946951146483
-0.38818837007916707
0.9651610934728788
0.3926568726100401
0.14826349522029536
0.6993246117145648
-0.29936379336693253
0.29106817936117513
0.6535255413303848
0.35763682332546587
0.3471715243148794
0.33674714568177244
-0.45178156415735515
0.04291682675477071
0.27171541490574336
0.23608966119091712
0.1416529150937902
1.0570426673136502
0.09723936858519633
0.4305387949664967
0.8184830769645578
-0.30447891099888225
0.017142244536279327
0.9467897333019197
-0.43133822074529093
0.08838654855690942
0.9313290959390409
-0.004947268550089423
-0.31799422497122765
0.7156230767724122
0.18488565207740015
0.027905506942013103
0.9275108200878489
0.15869753550330268
-0.43588060625936875
1.112585647550745
-0.40644530926023226
-0.4362198378244033
0.5164226879148289
-0.19611721129862947
0.35037070795480985
0.23508350452523463
-0.2152935906778315
-0.4483532360246729
0.35225379118374867
-0.15518432018728123
-0.07164785815894215
0.7340989511262745
0.0045106647468281524
0.19218558848217482
0.5811871215999848
-0.35834253598506505
-0.44351578556998206
0.6676071657381534
-0.34998206205904847
-0.16764847832074548
0.9013743669738866
-0.12041282091847605
0.1340548030935631
0.7027257108708402
-0.07610005706271095
0.18079228194505048
0.8375206148386091
0.04411154005856899
0.331635475658539
0.5753101810692505
-0.48618459499528266
-0.32907170002329345
0.561151354521691
0.12013849339543237
0.4776708908913039
0.5983615251373355
0.43344503585036154
0.19906186205881315
0.979882796351386
0.11935311861890707
0.38914746889355
1.018988247283817
-0.44600543572967355
0.4658964952911341
0.327679603773672
0.28707661597499434
-0.4575787028661359
0.9316774779703162
0.4106060005093566
0.016052519125256515
0.848413174209329
-0.006661968392813744
-0.2621513837472299
0.4523522979903991
0.020883198371764444
-0.13821473657453232
1.0682047794291203
-0.4653044693478118
-0.1008094548517241
0.9697044492664181
-0.42351603640720104
-0.07886395825493564
1.1149392076597082
0.3858521105253705
-0.05208868963559732
0.5308407324002503
0.12106255618896444
0.33322458572322156
1.065648438261443
0.12106255618896444
0.33322458572322156
1.065648438261443
0.19256794665118904
-0.32081746350199414
0.9972004731939452
-0.05220150188880257
-0.4607084452091804
0.5418013380224305
-0.08668443026240125
-0.3462008328636965
1.0764733331600445
-0.14402567690766332
-0.3349554783388692
0.36455811588638387
0.11756559335648842
0.10636375214585336
0.7724606103681415
-0.12235028683458493
-0.21320352286874011
0.6363991548764771
0.051528756087051875
-0.407552640975394
0.3653672709650959
0.4461127609580412
-0.23719237749826272
1.1153190629274705
0.22562581181967967
0.3516946809768444
0.611048346781254
-0.033955826282714874
0.34523221388148273
0.8009639817452676
-0.3254527983096618
-0.3077744697837892
0.44531760006825083
-0.13481174438491927
-0.4734385903608397
0.4869766362994936
-0.22112471090853436
-0.27874289004259134
0.7755204357608275
-0.41833279150870617
0.46269211981885916
0.320075486856642
0.40747318026792645
-0.21824670900826915
0.9994274669888585
-0.3381235575492747
0.24762071292139154
0.2974695901158205
-0.3381235575492747
0.24762071292139154
0.2974695901158205
0.15063239336187684
0.31015957637126534
0.5865683688155515
0.15749490945516254
0.23152676334692646
0.472352460464451
0.47041326905331526
-0.3735904364216124
0.7261823212859456
0.11940123020147786
-0.07004408800599671
0.7087525333927611
-0.004767329312406865
0.09346323255562428
0.45532247428307804
0.48198345428333556
0.4770220077355397
0.7307096766713828
-0.4027552268131368
0.207965392108179
0.8468559645748748
-0.3176431998627809
0.36244980321747056
0.634482378159274
0.2345305540027458
-0.4199656041922242
0.4095665947567767
-0.2779216252729044
0.4879109994770856
0.9922811851960086
0.11543032529314101
-0.4397893810081117
0.9435689959168023
0.04002577745965252
0.009242389940883777
0.31027851602807055
-0.4300459455608189
-0.009789314229814994
1.054053160346097
0.10751470952729691
0.27049756769981803
0.9310864037306855
-0.37578769836679404
0.04406718671883192
0.769638504391666
0.42795035448207497
0.35590636139062215
1.1271466582973717
0.35810150859632606
0.35939801222451195
0.6639419222895524
0.26734774677820394
0.392631617608285
0.8131061249190975
-0.0457762198809194
0.3348520418997408
0.911933378266366
0.23067534254306687
0.07212179596995916
0.4099216501591667
0.2908652249141509
0.22570290567269413
0.5864396287251321
-0.24465690957537178
-0.42840690996671293
0.5646226676678129
0.35940856535639454
0.17205416627755887
0.7537488233452476
0.4547248443381776
-0.28890744406593516
0.3260240741061621
-0.3251205503754019
-0.03714307709883424
0.9585739424262358
0.13030706467498543
0.3423954622056853
0.36328380782585545
-0.2229664674969184
-0.3012053960230632
1.1089648244531403
0.458825798766893
-0.4173301745800819
0.5185188067821042
0.07386557686399464
-0.031033334288393943
0.786616114128437
0.08353151436476058
-0.30310452230733276
0.3595439811047041
0.37612324321857915
0.005815303885666978
0.9060821504702449
0.3353289708986823
0.1588888362557096
1.0201922283257323
-0.1876475336250939
-0.24154754987033855
0.5172782030060041
0.43927600051248783
0.07894877976345549
0.7643423162350022
0.27826220120748335
-0.3545875500410297
0.25306234624660817
0.39276301026716154
0.2570410069004382
0.3213411094861195
0.322047568927876
-0.4390527555408873
0.5338326177970759
0.08034530301313292
-0.27507511513454597
0.24897421105357498
0.38214657138131647
0.09838240094075901
0.6471727851842961
-0.43389201084934637
0.4530351467746092
0.45107219929609055
-0.17235057644589702
0.13518189574818706
0.7948460406431449
-0.23191661308650469
-0.10799184554453545
0.4715242235226531
-0.44845110743086336
0.25387406842202176
0.4032887391835194
0.25044128413689526
-0.08293566118543472
0.9577585425698387
-0.2644781143035899
0.193695025558705
0.47490936464518785
0.20377837363882967
0.2517234487912795
0.7469289401091409
0.41216823120823276
-0.014609268783608798
0.3220178454047794
-0.30343785192719785
-0.45851024271589735
0.5317684894485415
-0.340260706855648
0.17042973437332842
0.35978418395798706
0.3583037042674396
0.17877436178511963
0.8985960247413123
-0.3187556799574087
0.298025125160306
0.7453164718678552
0.28236114722517336
0.36622410849887754
0.27639228282829487
0.3374807841050942
0.07053500169308813
0.5590220735189775
-0.3603885400248782
-0.24827534777205773
0.61365013335004
0.07767769052848073
0.2843237970825727
0.43484966328670094
-0.13659653104318636
-0.34964193764855755
0.6559022723463767
-0.009173053397895536
-0.30217155330459167
0.2889724658211458
0.18346458121370612
-0.31569127042197576
0.3558575889301433
-0.12463174795401255
-0.01153294228207935
0.3443075306277168
0.1816397646069854
0.19177131030330474
0.7800733241666478
0.20137669263899893
0.003270199386702477
1.0698538744680826
-0.007596849503539782
0.03871446555953739
0.5248278860063527
-0.024476404138624286
-0.1702851663719881
0.3690999416208188
-0.005487060343218886
-0.2242918184932574
0.25033368083345553
-0.005487060343218886
-0.2242918184932574
0.25033368083345553
-0.3262980968942909
0.3324879010925498
0.4606180288854824
-0.30187468656188465
0.41233917294840006
0.8383301792143363
0.10092620149749199
0.38841617396517114
0.6391820893799318
-0.24590852616378356
0.34851837733668345
0.6705974555255397
-0.4734210889012379
-0.24606234160801765
0.5273304252587028
-0.39091789611794114
0.3308891259387
0.8056830292675679
-0.34525158562545255
-0.47061306181043594
0.4883452435973421
-0.2954080500168281
-0.1597387128819716
1.039224017611265
0.4611853748994704
-0.44197689597020773
0.9037685953569864
0.29505624470394554
0.46502683049932625
0.5233805538041314
0.19114885284494265
-0.3128882380432344
0.24715469058187478
0.19114885284494265
-0.3128882380432344
0.24715469058187478
0.037665404626055055
-0.32007545749188115
0.3888654638995557
0.061197921762576546
0.10187626692098561
0.9051581961075809
0.1575218797980492
-0.3139358844790713
0.8128627561156567
-0.41452751587809566
-0.14155160769158115
0.2349586599029897
0.4035391522840934
0.08844425784139898
0.8193595810468871
0.19715719254887365
-0.3574210798087596
0.32459580434403623
0.15737511974928087
-0.31721806970688815
0.8676552430986636
0.14998327255442556
0.04362927574726139
0.9887107295235245
0.07986207174506033
-0.31475846070570446
1.0902180734064477
-0.24009223789274847
-0.19483086287238394
0.30309798941941224
-0.0015306614099663829
-0.4199222708148552
0.30533568567167646
-0.1281463633677674
0.4580279773815864
0.5096512962592246
-0.17742243584521122
-0.22169076001667598
0.3482208661030457
0.29884521468192393
-0.3751254884432448
0.9473461703635119
-0.0780545867480762
-0.37080037570002977
0.431229319800294
-0.48955560478813875
0.245673787012196
0.724452134540562
-0.15163510629511234
-0.19543042602386762
0.8185868185839242
-0.30601150739873917
0.34523216207182206
0.369539903016031
-0.027368901592959127
0.39057655174210903
0.6727795410595749
0.2793338022352184
-0.41340056384466384
0.32080499014402664
0.16360734824988188
0.42490629671882174
0.4526611339337132
0.2332127561261209
0.14288173759221545
0.6733676285150163
0.006459116359265993
-0.4664567102770554
0.9000531314098293
-0.48026322645281483
-0.3847032261046053
0.5298303438201243
0.4137613237444453
0.4224599310180064
0.6200916018700986
0.12041028164683043
-0.2547522404008743
0.5318795547811002
0.20427836516936004
-0.4066547602046624
0.2950031839203039
-0.09393597667187636
0.48529260570678845
0.3042941733698382
0.10469320145353678
0.45280944722037686
0.5808685108798368
-0.43238558500610247
-0.4855880225062005
0.7041075275014484
0.43276130201420726
0.12212523955804944
1.0591640703516005
-0.057689942192567845
-0.2962484335646186
0.2736057160982086
-0.057689942192567845
-0.2962484335646186
0.2736057160982086
-0.44599200445989995
0.31882909498732503
1.0770176858686908
-0.012318699507320008
-0.17467457815699472
1.023094382967964
0.08052578630466378
-0.48467059087492637
0.4107774526965251
0.24655097593908315
-0.18909601689062427
0.46625146473739587
0.020701266267276197
0.4234985640703828
0.7297762659563478
-0.4573417229616117
-0.0588531605741347
0.8835426064126316
-0.2967567752190956
-0.02778921389202471
0.6726451649202471
-0.13217835126015154
-0.08706783576856503
0.2593002129384948
-0.09621521203410599
-0.358431413825979
0.8201314280380436
-0.40938668855031624
-0.09028746970657953
0.8070134623284768
0.39836221941222616
0.12184095148079677
0.28187393337243494
0.14747826323272673
-0.11238895023337114
0.794340480731297
-0.4267778466407367
-0.17915050844748137
0.9188009874768304
0.37201869394142384
0.2622786915832308
0.39031603924593095
-0.11136964091475732
-0.12093695201877852
0.9331466619483101
0.044404227969243926
-0.21969900591222769
0.3429146117114502
0.07572888574914838
0.40604843923593015
0.5535050273496319
-0.4090539038011015
0.16447764284403288
0.8309996646107247
0.4333063400633914
0.3265903002955166
0.7494794469524553
-0.47484445835882483
-0.04065134757326849
0.8651265729086126
0.16468564661512541
-0.12448580926755282
0.8796238595798959
-0.2741823101188199
0.38419429185782294
0.2624981551242953
-0.11484196207571262
-0.3187904071329911
0.37319615631772285
0.3622168286943618
-0.27802869843996125
0.2353631368332797
-0.16384961178884427
0.014482380124725358
0.37865216169891824
-0.3312804777002534
0.3510110909341265
0.8942015095254848
-0.33596598868790917
0.30294163251187745
0.8660448376454657
-0.015167227093919156
-0.2336550713025849
0.5781772660729941
-0.006284805259175075
0.0795615235340762
0.4950279595596414
-0.006284805259175075
0.0795615235340762
0.4950279595596414
0.18654858168862776
0.2574153098378318
1.1282850747719257
0.26831581674010796
0.2374518962465494
0.9152395755128743
0.21499489051740872
0.33834718137865094
0.5018450344707132
-0.4289627058279438
0.10586898456552785
0.3862124628222757
0.14462105996027885
0.2386893240063519
0.7898822671169244
0.03032332046783981
0.16064051606885754
0.5303120998154085
-0.0843380355646095
0.34496792559145695
0.8226403975538585
-0.017275717916310884
-0.34437990510663496
0.9879899354432116
0.3614051773814727
0.2917079764121958
0.29413736742492735
0.08181941058471753
-0.14882998378097023
1.0738035601950302
0.08181941058471753
-0.14882998378097023
1.0738035601950302
0.2601667099491931
-0.14570013182385044
1.1224802874534796
0.2601667099491931
-0.14570013182385044
1.1224802874534796
-0.07039146859363576
-0.0530187138955629
0.991327373987247
-0.4588874367404894
0.23297433870494644
0.6380664290249147
-0.1580587165601589
0.40140150293134225
0.8465819408423322
-0.37945276746655054
-0.08210378172763622
0.7552643927500082
0.410586953196693
0.019481953688413545
0.8860247058838511
-0.14814707736790622
-0.25360491859316736
0.4244514065603199
0.2562137713917957
-0.4012212827700212
0.8574398327905686
-0.36595768159183906
0.31610737732568317
0.6000745580442223
-0.1020295650943166
0.029831828196751453
0.6389084561553658
0.1889211475870881
0.014605031713909034
0.5159212672610908
-0.08558420181644977
0.36718536401550383
0.2528258438905602
-0.20882359070041923
0.31505919532552795
0.9107124678706675
0.1581698845347388
0.40944299520577954
0.5189372196661632
-0.39276998003624697
-0.10285849558415106
0.6734793155016271
-0.09248391451930604
0.2217217856972612
0.8178781692312803
-0.17003102792448588
0.08831268737062703
1.123116246434774
-0.41183536248970276
0.005819963360160552
1.118028768432132
0.2738285552810489
0.41856927915657627
0.7550045044319815
-0.3847919135447585
-0.2542771808149048
0.6045790634854254
-0.1564008805654179
0.40874716053845206
0.494472300240425
-0.3842682918223481
-0.17725760636058918
0.6618750465892114
-0.2357418792891649
0.18633992988619563
0.5179186925446375
0.010146531515370372
0.022376177218664473
0.41614652530194574
0.3535731340528625
0.4177008369737749
1.1276570651802942
-0.23250320430173366
-0.03089583516247274
0.6018350144057235
0.10388432246726476
0.005583157751776757
0.4624351737122445
0.43245568539716117
-0.2464916817034729
1.1106392471349749
0.43245568539716117
-0.2464916817034729
1.1106392471349749
-0.14810267740576943
-0.46789684649134067
0.6978274361539402
0.447340005150202
0.19834808484362443
0.6513729858654342
0.17766168801359883
-0.45247672825325846
0.48630228697849176
0.014645702583382603
0.04033560200150099
0.29034323196265077
0.1556009169289947
0.19495184393828346
0.32428076458994337
-0.07958936056348498
0.2760798629280037
0.5319141547573231
-0.11265565421601609
0.4627651977302061
0.5906265092684415
0.0730603479637415
0.01842694485843077
0.883137673495426
0.3761023579581335
-0.30632399725143133
0.7320231039150156
-0.45169597988298416
0.2586523932994724
0.8274745169649663
-0.4101176118594061
0.11173222528677262
1.0848702109731048
0.3726662789365871
-0.05284367444877924
0.41724345838498156
0.05071034404621222
0.3576569961621199
0.3079012443421272
0.061942027051211324
-0.2375084508711336
0.5673928138496118
0.38230174672188355
0.012375567069792592
0.45468051348837224
-0.05317057485184273
-0.2314265949631773
0.9815519544028951
-0.41715093836330286
-0.2175230422257054
0.4022454398516947
-0.03395102132700567
-0.4278645024019704
0.6441779660514407
-0.4179759681538927
0.20830970534080295
0.27697950077125755
0.37124352121992876
-0.2682172934023703
1.1088364723065878
-0.36626908807262415
0.3036076422581385
0.559322473858542
0.015171470060720393
-0.1991245377311084
0.9229779182592873
-0.3946034761585109
0.03812136564284463
0.3094505291023181
0.07963961332212255
-0.1937978171465461
0.8351881844471135
-0.25798997889559383
-0.4595146905086077
0.44198609399302935
0.10925954414039529
-0.10630404773338764
0.41709530950110096
0.19942810967384417
-0.0018904630271306955
0.4902818817242274
0.11571813151662758
-0.3855212114613923
0.4771786775664332
-0.22153522210657217
-0.037402102048306074
0.9975456749880728
0.04248072636709166
-0.02483870764148688
0.23678244223061873
0.06612955576014812
-0.08211034025307806
0.9508951799983829
0.4207542234115409
0.08882404282114442
1.034599305636445
0.32031610529658106
-0.007023461638081985
1.0043269172266374
0.12038831665554406
-0.1840264446042783
0.4265596288236352
0.24841857597806827
-0.22477812719852808
0.8417551982268916
-0.40994796695358615
0.3521952907959942
1.0775512372207363
-0.4891434472672568
-0.3950671561944187
1.0585831810968904
0.1783816284261499
0.09182718082123864
1.0725266325009404
0.03306262972131968
-0.4599163136008748
0.38118019149040117
-0.276618712588227
-0.07599254789976317
0.6785727039600701
0.29864025824713836
0.2944329700428012
0.2938975734274273
-0.21723860710811194
0.13917147373112093
1.0213219649706913
-0.42132414337432633
0.32368161883418345
0.6938595890055377
-0.19893704930716638
-0.38143203588827745
0.2912173843114475
0.14315537900709163
0.10685765371017786
0.5475512271886036
0.41666467301084653
0.2922222377120399
0.7696506594826112
0.060305950074357795
-0.11653659951977391
0.8957184904451817
0.485435412663099
-0.048433859117175904
0.6087979480762187
0.17032147789258079
-0.4684660072057133
0.9676364953805543
0.2541189040568791
0.0532693441093719
1.1018039517505862
0.4393130502220768
-0.2940558329284967
0.862649161226857
0.21205232471586943
-0.304597997822029
0.256628984181692
-0.3232968460037934
0.438586715431749
0.9493423176191548
-0.1328328518478049
0.1914125034267573
0.8097001875550284
0.038423257796045274
0.16490693619494035
0.3479322598928436
0.14815252624133135
-0.37365204359549353
0.6579452215465658
-0.47263638078125747
-0.05638554003793339
0.921155521606509
-0.47263638078125747
-0.05638554003793339
0.921155521606509
-0.12734613188321942
0.0129402807120087
0.6688466801012399
0.24176282689219508
-0.13070832683405953
0.47678994905676353
-0.30166687802378056
0.0202805611210235
0.8717259912008118
-0.14058421544621436
0.41745476895591704
0.5425288801657073
-0.08746825540293934
0.07889425513661918
0.4585250228833364
0.4130481156471356
0.4530667774893328
0.24679035900864532
-0.3885528616469647
0.08054679478656013
0.5293414426668128
-0.3498812312422964
0.2022911272408
0.9224432567155292
-0.020045915167338668
0.38585174384385634
0.815029153978655
-0.442306243712285
0.16286948539440693
0.7633080592321225
-0.31758429087970186
-0.43455073052030013
1.0025198974795022
-0.16534935125950634
0.0832337072935817
1.0029114933936178
0.38406844387276184
-0.11625166322781189
0.33700685752536297
-0.22529400344775108
-0.24660910787953505
0.9240674267424758
-0.020704596024435307
0.1954287354975528
0.7954348345084604
-0.05745275036182296
0.41919979905219573
0.8361209900211672
0.028528113781350006
0.33539507733974006
0.23215303519347696
-0.36699061597080707
0.1360168687022224
0.9481129674006855
0.05701012133584471
0.4014414088990046
0.5752597997288454
0.05305922013500819
0.21495554459218758
0.7024688466437079
0.21670822075075225
-0.1652541713155059
0.735135508230934
0.4666877333260616
0.3516500446787342
1.0792678020283692
0.17187633755677156
0.4426486099326217
0.8187649783124582
-0.39200857647068466
0.1959477381600626
0.2671055105730843
0.40375489472942416
-0.3843221380065184
0.8857710585358985
0.06683005359625882
0.09924334958683534
0.33364099470590214
0.2728034631944063
-0.025052351305553278
1.1105846627335692
0.46580149304951046
-0.05313616377063568
0.9756714435206602
0.4601741850374109
-0.42943435343197944
1.1016917617835316
0.4601741850374109
-0.42943435343197944
1.1016917617835316
-0.14311308782165666
0.15710734972426188
0.5697992719740378
-0.018738015354120563
-0.15478380670009417
0.471779811567839
0.13360831441293364
-0.4157211952439228
0.6445397216002293
0.17884167119110184
0.14559246610585241
1.004661166765163
-0.018158792606385976
-0.1132941918380106
0.6161735431698009
-0.1926645385638346
0.18487401252182378
0.6135227430360598
-0.42556464502126
-0.11627442235458052
0.8541014913995701
-0.36051233727059795
-0.02056282700081813
0.7479740359199902
-0.42916853564635893
-0.4810512827746668
0.7726257191088185
0.4282784962722086
0.4754347311173278
0.5303774974517471
0.3434494299487766
-0.05609304072540877
0.8636023111475044
-0.17344443201604098
0.2525710448231584
1.025392937306039
-0.03928097928322505
0.11897761357825754
0.4765790865882218
-0.2945007338089727
0.35159563503795255
0.42406854782410286
0.07926078028549954
-0.33390294564496525
0.4257207704676713
-0.4675788460796476
-0.18004181501273897
0.8780812051864461
-0.4402141534004035
0.11190852691546682
0.7121949838723408
0.043714931894834996
-0.23690417685986154
0.6790857904101529
0.1522473295068032
0.1493371951264103
1.0988951747052687
0.11919295730921242
0.058503972349969624
0.6711215211567284
0.09730429973350618
-0.19381986474364588
0.7861253537961645
-0.1545095560413403
-0.4375322085832859
0.6768548345224933
-0.36992396774753966
0.31784996556142875
0.49214599444455964
0.20786003998761982
0.339894349315788
0.456441045617332
0.3811513225719665
0.13465228620300496
0.7600731352002302
0.1809751009904581
-0.17836563932847427
1.0377143000619713
-0.2193727096762481
-0.47880372314658604
0.8332644515059449
-0.4885368648548635
0.3609628132774416
0.7481509558926268
-0.4897452269096827
0.34398211714144633
0.5758222477275762
-0.3514415909038301
-0.1697466391347624
0.9756906035988033
-0.45033739914260285
-0.37782287919163204
0.6532777820812286
-0.48241364229270867
-0.3980273013217832
0.4354234144861049
-0.41442471494493216
-0.09380267379934426
0.7293158739779871
0.3610645820743271
-0.2581655954637576
0.32899489262394954
-0.01965143858405005
0.20394704203022485
0.4163564132545863
-0.14600289302291014
-0.3183990264218437
0.6720754010178926
0.33424804100292516
0.3519138632299751
0.9944029935460154
-0.11041052125989792
-0.3547370878764373
0.38799806202797726
-0.3815370365550016
0.46826083082222225
1.052578407902328
0.2986039060976511
0.310442186824743
0.9896072488525984
-0.36486100545479283
0.40410477924567967
0.8083118980093016
-0.15116424005881168
0.1693737160124399
0.98896826643176
0.40885058470723945
0.30565688346539
0.37893686428951
-0.4313285009029585
0.46433396520015524
0.8913903656854472
0.28678490017394365
0.3625236880227197
1.1005267263286886
-0.3832832930408864
0.016064760105801712
0.7067776395573132
0.40698059917914975
-0.1338000239071192
0.9987663051341374
-0.28310610278883663
-0.4530760224254211
0.2398232894257426
0.19447865928761976
0.06224677679000379
0.5045851183191317
0.0989938700517583
0.4300301658051975
0.33311788371599393
0.11417976322405965
0.35775095345954233
0.882048886386277
0.39641479288581516
-0.3223107100361854
0.4603077416808524
-0.27921469369225216
0.16990595625563765
0.47169469240811
-0.22169852061239703
-0.3237585812256718
0.2925354195216331
0.37232935855613036
-0.2940318182379391
0.8849958916327235
0.0995751100944634
0.4021314712667321
0.2755705690556194
0.3407188370794635
-0.4650394732525608
0.4171156650743756
-0.28086068944979625
0.35153654862544803
0.9160776237189384
-0.059106656770804844
0.40722745055217746
0.8888693619719498
0.18144195953700049
-0.3403926351455294
0.5440236293653977
-0.012509391364200595
0.09263902535929724
0.7885550166217529
-0.30747634406539004
-0.14191812832798312
0.8441889335788166
-0.23212017919673933
-0.43836879822315133
0.26261255579648723
-0.13238011854419984
0.2398336715311783
0.6557613648349343
0.2355474495310036
-0.1379089303602199
0.9793696284269039
0.44850728852252586
0.19748726579913645
0.9260228127862803
0.27752658594800805
0.10104129569088793
0.6811216714405797
0.09560282737565295
-0.36633364281045655
0.2992134818337634
0.34653651820302267
-0.14257902484260776
1.0497484085178233
-0.368246255335526
0.02508481319363498
0.6408103043120081
-0.008486707562373241
-0.11593630656060139
1.016419492838818
-0.1177974498590938
-0.06893041992551407
0.8792662755815528
0.03608585955251431
0.16378366822872725
0.4501300805019557
-0.39397858511432393
-0.009260951071335954
0.8716880717454983
-0.39397858511432393
-0.009260951071335954
0.8716880717454983
0.06470330079191777
-0.41078551826097454
0.9965493870701567
0.22916010424387745
-0.0698667179883743
0.8383905409674418
-0.37297758839170136
0.007896903111695996
0.5321296111884571
0.11484549513940334
0.24230747677873365
0.3914600488084111
0.46950649263504196
0.29780994032234087
0.7266426823286845
-0.3797413679802112
0.28128894877834887
0.9408031719081839
0.07343829656485912
-0.284528838090645
0.779712743414585
-0.37489157046844035
-0.19130270590242304
1.016093079192018
0.40311112287503237
0.03750011433102052
0.566036662787341
-0.4684973400158339
-0.18309283958682643
0.5438065521659478
0.3911432366184432
-0.3769252931423389
0.62657468107948
0.4372968370773298
0.3908207962606084
0.48087225576749326
-0.26993610115899724
-0.2979783914531371
0.49018209794023904
-0.024138528509063728
0.05443529222504628
0.3170364794367706
0.1812711944542963
-0.3997842219109161
0.524223043840581
-0.00657942893308483
-0.2418707136071605
0.719094335389893
0.22063612324883597
-0.2848830686209898
0.6449510972693517
-0.21135763879290648
-0.30963708774543164
0.3703085399450392
-0.3164471310062521
0.1101534993306007
0.8310817080070176
0.2427115278479791
0.2885228399696943
0.7356883615868477
0.3389387928001809
-0.33443341204659305
0.6220906876694411
-0.48580914070086123
0.3837774384189464
0.33965688796728166
0.42040747793101196
0.4150876818758352
1.008013550722105
-0.25047620580138763
-0.1452422727616276
0.9331347227271669
-0.2642606756901714
0.4499153170672262
0.2969780449845417
-0.4572525946473065
0.28866184357777025
0.6833484959245703
0.4117010980475593
-0.037875393032475224
0.8425857464789637
-0.15830298876836202
0.36241234800001565
0.7382754593467141
0.3783861870143068
0.13779653331807795
0.2968193392386659
0.2407626504470266
0.41115143312827696
0.2424898935592954
0.3396920247923376
-0.3127327966122462
0.5491551001357469
0.42795239152590403
0.3908137418264819
1.0945957104670114
-0.17393528586552354
0.3278162331210236
0.2566892595739718
0.16792634405233342
-0.012188147297564234
0.8040500944632675
0.07481378616813805
0.32403090679286406
0.3298867792351067
0.2967650620320107
-0.042267903435718845
0.6470528302079287
0.16866937181498387
-0.19859825506178885
0.8636602976830299
0.3904718975832815
-0.18071854027554457
0.3102719317421516
0.3404442959697379
-0.09753533217357313
0.24256565934055174
0.48190033756321404
-0.22808525779874278
0.520266638482733
0.36633208431615905
-0.3161752302955305
0.9665047836814732
-0.10653745367148915
-0.2590902239082459
0.48334891711213934
-0.20827998960341076
-0.3212790524210638
0.7095692312710813
-0.20827998960341076
-0.3212790524210638
0.7095692312710813
0.2207277265212927
0.391608189774038
0.9639040092690415
0.2963603624451332
0.2241951504419788
0.2321544480975385
-0.05652118481290003
0.05321973872881991
0.8967091680982979
-0.05961584862564784
-0.20111599239284117
1.0373276239836415
0.4132553133291085
0.19256081483373644
0.5622806087980342
0.22698904566308764
0.34980961286509815
1.0834183611887127
-0.47404650681246896
-0.38130814517034606
0.4850810689010847
-0.30386761003011586
0.19262551276833795
0.5780825240210293
-0.06873653896481202
0.03367495928378106
0.7909851006029144
-0.481539394654777
-0.4158182779463281
0.85572462077258
-0.01206813899602699
0.3236737334769495
0.45756879437641096
0.12214091658600224
-0.009792394996680831
0.7013314199904848
0.07276888612925303
-0.0013891998795323435
1.0568555133204325
-0.23563252949507485
0.3988358948867209
0.6481156496579918
-0.23563252949507485
0.3988358948867209
0.6481156496579918
0.4856534620112435
-0.4578772650753635
0.8110507085440528
0.4634217554769693
-0.24440240667508006
0.5073773748482895
0.4634217554769693
-0.24440240667508006
0.5073773748482895
-0.3084119455578501
-0.16542002731019412
0.43522799485131736
0.03941765140629372
0.24364765369605557
1.0275622574973493
-0.4695525424711784
0.19250750191909072
1.0537150085658653
-0.12592400552872063
0.058186240040713266
0.743664588858323
-0.38477620314605887
-0.23038545591549953
0.7419011119819364
0.10551048869873847
0.3440614984678314
0.8985260987396367
0.14226368189015814
0.47965106160188176
0.8479389067359564
0.18129720344876676
-0.10367428650286437
0.4753924398851318
0.07498893608169999
-0.4535499869261448
0.42068377675024216
-0.01969737636429114
0.4331761814706979
0.8403059925103277
-0.25182523516011246
0.0986479714306393
0.9470526983490928
-0.4525121388153095
-0.18591813806254498
0.9653895254486178
0.02461520784601423
0.0013571917962283964
0.34887095761230347
-0.1292973113346625
-0.1453897244543999
0.28092022824354235
-0.40463937774013614
0.09893173385571008
0.28362732773766075
0.45206975321709597
0.395542744376316
0.4877249773525798
0.2152750882712926
-0.1297840243408579
0.9833415226204238
-0.34682878848584353
0.21782319231525926
0.8570081461118838
-0.41926244771540366
0.4035131833272022
0.5078197040370845
-0.07396267743371332
-0.46986314348463687
0.9861830660072549
-0.4347529947913261
-0.013343819291779635
1.1127379262285388
0.468632713122092
0.3763325525820481
0.6111019922705743
-0.24609840248767867
-0.02146522841095999
0.5220514388502173
-0.16018151714115558
0.3113729340152277
0.4151011222383333
0.4678408264482524
-0.14518370391465352
1.117637634534129
-0.4583800782118751
0.44743145793085404
0.3349255838253641
0.20940114082154426
0.09877618861959914
0.7453468801749348
-0.41065632996309265
0.16412719089813554
0.557314622966866
-0.16459231775199845
0.4835900870752161
0.3037733099150868
0.29053785792699127
-0.001933838285290146
0.3049453636455366
-0.0034765084595327345
0.46446113721201454
0.8952941454307941
0.20897863081285017
0.1393179712301844
0.40809760935542116
0.3144466330450143
0.2563738146928244
1.116561362672182
0.40179430559567464
-0.1318795964411772
0.3486848354291061
-0.44276572508213297
-0.0075441539111166245
0.852156962769388
0.3219568254847731
-0.4638635895802453
0.38484632976972666
-0.29231294124678775
0.21051637177628446
0.7004693652726941
-0.14599078758261874
0.07585577362920248
0.785956889682491
-0.11542499693744612
0.3616594080151011
0.7486675214850235
-0.19394710205161636
-0.3108417742382804
0.5588394393512744
-0.1059161737411578
0.1910220402469096
0.969915552378034
-0.08142078554516385
0.08954128128744632
1.1234150131205634
-0.05330505068514846
-0.21256437454286503
1.0782437931947935
-0.37289541419244954
0.14002739834484135
0.865526066843127
0.4596401060587002
-0.11136012962568131
0.3606011596847424
-0.024373540589643472
0.47719909360916835
0.9479759661757532
-0.41093311839884317
0.2550951989012983
0.29084239290183067
-0.41093311839884317
0.2550951989012983
0.29084239290183067
0.28038833015077014
-0.21358763356482602
0.43247233429675913
-0.18376567299825108
-0.13226361909088546
0.6746777449372764
-0.02724339710154744
-0.22648691787869657
0.24929693817670973
0.2484294837977865
-0.3541043236835284
0.8959607555386928
-0.14148349970022456
0.0568887699318239
0.5875859292048188
-0.31053668285362934
-0.2145907783451636
0.5798557979044836
0.03654030922299911
0.08910508673490247
0.45495936130609804
0.3734342138559559
-0.3651243273374942
0.8958208568570538
-0.349605049063184
-0.15325449337866182
0.6176578302635695
0.2996159206445288
0.29054532535687383
0.33492708260882564
-0.26972181657032734
-0.09841422848882364
0.3860655873997425
-0.2158627037871148
0.1338513430017233
0.23986892352518874
0.36765384143283186
-0.47780569233315784
0.8211967512859778
-0.2602152226390291
0.09665370651869731
0.2625708775365807
-0.4680369454626173
-0.1711395403346041
0.6333153277340501
0.42571084469125875
0.189132103705555
0.6285309310730535
-0.003229378998298338
0.4586185399901497
0.7251367693613784
0.31237527803241594
0.11102770885032065
1.0114755126167667
-0.18050006746439196
-0.35167052418719535
0.7354191019874247
-0.41950440016873447
0.410819100552998
0.8095611558980449
0.39797154539333324
0.42372974086902937
0.36872471726006617
-0.060907183271671994
-0.1401120586078186
0.4464120768779688
-0.10932500247115917
-0.11064467362923758
1.0543752517331497
-0.17916903881537705
-0.35854845577790506
0.9216203791564338
0.4378942665191864
-0.43211191797138493
0.4016823466804813
-0.12032553704864668
-0.4392314456501465
0.3927156097230444
-0.1073736226464318
0.2055469770749131
0.3203367149686046
0.47258872549537156
-0.4109988405385513
1.119143670031344
-0.41324070957935655
-0.43172010690391294
0.4752456258933714
-0.2839336718267286
0.2512332589108184
0.232454615603914
-0.4845734173698354
-0.04254177877887888
0.3577482958217171
-0.4845734173698354
-0.04254177877887888
0.3577482958217171
-0.010171211883152176
-0.10866860428100522
1.0239253682067493
0.4497315817321277
-0.33977038169160934
0.46602714269244916
0.3828700007380018
0.4375671894211026
0.9584057128120821
0.09532000715146982
-0.16298112018494482
0.3169385367789268
0.1907185385752832
-0.23569100135023113
0.8207509540760598
-0.37518568427164234
0.04361124133913874
0.4127971925686118
-0.17005664673788357
-0.01166103294916132
1.0139842971271
0.1458143181967093
-0.23326480050809018
0.6537784974218074
-0.18390069221326566
-0.17698829877969224
0.26994678063823074
0.2193187553860555
0.014563436241560868
1.0892408525141377
-0.19767557563891014
0.15003629463068668
0.6664453470221458
0.46452346056168603
8.380725178513959e-05
0.2654766242193549
0.2564240400579253
-0.06894163130029807
0.5386173558749191
-0.18953480352348118
0.2925939520565657
0.25537723826154457
0.10396058546866327
0.29720381946493657
0.6792073380585527
0.3350838563845777
-0.26865687335993826
0.6427255080408082
-0.21235676571101958
0.43571623198195475
0.9536344132984723
-0.3611501575557805
0.4347445873900837
1.114779813116884
-0.12871060318574146
-0.11797867947655005
0.6351891324030858
-0.14278505177242862
-0.012424467005020534
0.961710487024114
0.3368340228875789
0.40487950769892467
0.28241982809148614
0.24258471101445322
0.03470288358697726
0.9207201598803166
0.07398905686579027
0.4506585247078527
0.453562308901975
0.0978091873141681
-0.007544100040588586
0.25628170246433846
0.010824633580634457
0.0777223665365544
0.8169767945407383
-0.35762329181815755
-0.27212523701083113
1.0825358233035485
-0.3338997712128394
-0.29665811943488263
0.35958096251528593
0.4681844060558241
-0.09350289082455321
0.47465716225518506
-0.09202312992472528
0.25180672256105674
0.28111455993707957
-0.2025177305735073
0.14587637092292838
1.0333274792054579
-0.12349101801532336
-0.355963776630285
0.2942745189641005
0.4455018120807964
0.31204869331639973
0.7807912043908358
-0.4464343466253984
-0.3723758927582821
0.24978550332268568
0.12168942493197243
-0.3563013546432472
0.45572352013221695
0.370149013730929
-0.38850750493719777
0.6578486171390114
0.10348055764981823
0.2167568710474388
1.108671653588293
-0.31575139511348926
-0.3995387843801739
0.24815427941696877
0.4767841445926352
0.07633025677748428
0.9216488225366504
-0.10723887242884789
-0.3226694055964857
0.4960301515906712
0.24298251197917198
-0.320111679606928
1.0743167875350093
0.14369619129032607
0.24589500232090078
0.8107932006361824
-0.16967537092240514
0.27459461889672643
0.596637444120202
-0.22204631896649396
0.3933989413408455
0.37923970270725493
-0.12292329499057908
-0.23435067689257516
0.457059058834425
-0.3507866412508356
0.05558084413853692
0.825611773771451
-0.2794957729786026
-0.01990533287636498
0.7559740131134189
-0.14999307413722773
0.2169903710679647
0.5690613780306644
0.24907230617742515
0.07203204422094611
0.2982974993764247
0.437338973737877
-0.34963759934619265
1.0025517074202572
0.08028898240390647
-0.15357330177214823
0.42138345353418083
0.08028898240390647
-0.15357330177214823
0.42138345353418083
-0.1751386896338052
0.26412627326525173
0.5187439077948771
-0.29050600973437846
0.032620342178624306
0.7981101627649875
0.276973493258997
-0.06781521743670693
0.5171927215444713
-0.18871942903851346
-0.46465430878848035
0.8573206422427145
0.1262413596213411
-0.14146045584675382
0.5101977711583104
-0.26453870361701304
-0.09485313256498629
0.8809849312879134
0.19776740071626253
0.31453694135173704
0.33658325551705714
-0.18938302863662182
-0.0968402196675131
0.7802824636936782
-0.20000862012624898
-0.42852747193959184
0.6336517334350302
-0.21684033362595456
-0.25299094084339635
0.6495271984995856
-0.36470158360285987
-0.06713163407520861
0.4648383163259445
-0.3090088152341244
0.040261151726550204
1.0051726123387872
0.10109438396792336
0.14184472063901177
0.777920191009817
0.3831340889331645
-0.07782499390112363
0.31786135423313133
0.13007735465238002
-0.32378952149935447
0.3402335170329469
-0.011120950442105482
-0.01562724181931363
0.6156322758201155
-0.37272158719095394
0.18121774206432262
0.49567626106099716
-0.37272158719095394
0.18121774206432262
0.49567626106099716
0.012414992969836613
-0.13290999421500949
0.2633307784118566
0.30444624802782283
-0.21963616101055994
0.4286424013804432
-0.09179534173686055
-0.11019158844454247
0.5910855614951479
-0.05676451970113283
0.15468511861037526
0.8928530068153238
-0.1386073660330822
-0.4819946684708313
0.40874265133869414
-0.3966979489066076
0.23844307935532005
0.6672638751175982
0.3142973362407454
-0.37836898645782036
0.6358218791151287
0.4597526552808483
0.4763331251242571
0.4105678975623577
0.4863089137670694
0.03861834301506717
0.5451967292097504
-0.036640793863004895
-0.02519078571554567
0.4986971249474186
-0.3214012523381855
-0.2841445684305993
0.3504208768919106
-0.338128663316426
-0.09777674173300688
0.8942681261603823
0.4051053641415875
0.2116439070248871
0.8293574154265267
-0.2911143198997205
0.07116005279721505
0.27895113192057475
-0.329638399999327
0.19761984067244498
1.0253076526069358
-0.013821476484727313
0.038798417240100136
0.952369029220172
-0.38268663139601544
0.25864785219203046
0.8742309495309396
-0.26739357709173206
-0.09117987084740986
0.32778795866436294
0.0701378462251071
-0.43467280891210824
0.8565022571279354
0.0701378462251071
-0.43467280891210824
0.8565022571279354
-0.14236590219450607
0.27331555401203944
0.3422694977054177
-0.039550999074374205
-0.07621927180059762
1.0190797368971494
-0.4103765569373199
-0.34264020379657767
0.554026392192158
0.12673762593097948
-0.27019945106562404
1.0909782749699395
-0.21889242805990916
-0.38102546978170304
0.5463796812105123
-0.03924378560366559
-0.03360065721153993
0.41195370785115626
0.4862795854548725
-0.23130497054961463
0.23428382508363355
0.37894281228994287
0.37638765312811695
0.6473102009973126
0.1488572270666676
0.12919563984620064
1.1249514998293755
-0.014405963256480803
0.4822178929541683
0.40014567328969897
0.39382757171925387
-0.2698909965141565
0.6334101399728631
0.2639470411169592
0.2770079226996174
0.9585857551606652
0.17987578148871086
-0.20908904649914695
0.5788937007771998
0.12617757900178828
0.40557010625380274
0.7324750287930343
-0.34267878246389083
-0.28399960715703876
1.1083118259133937
-0.01639653117938278
0.3228842238279066
0.984719824011426
-0.07852646919269446
0.14237218800943796
0.768897629157783
0.07643734540471803
-0.24699117426269013
0.3884735055962035
0.18281987598796112
0.1254616821036415
0.3298508828861516
-0.11760695890292527
-0.28818205231278005
0.8980758310604671
-0.06241653495624511
-0.11986618887957445
0.6904393963039789
-0.3637656226496373
0.1030848085875129
0.28108439137660823
-0.46194010761639115
-0.42386864548301373
0.9340360236343102
-0.4539558411425164
-0.33957551512945416
0.82723575389122
0.2122446733633967
-0.1785614744433357
0.9588073105602364
-0.21835918790109832
-0.11304858731526712
0.7498067710374654
0.025736945082969642
0.026197977363165537
0.9444025009516851
0.06044063357013851
-0.4250050297339004
0.6350370842694167
0.15256193170504417
-0.2201565829602864
0.6053555784409911
0.311701598291943
0.03394400092741512
0.7739124142771261
0.15191792679219718
0.43469189805112507
0.8481460072399446
-0.2685303266437804
0.09443126453749617
0.3987070359829077
0.027982311745681776
-0.3221921010374942
1.077003918588257
0.08347352443682954
-0.17400752687914323
0.23960173510505234
0.15533989680562899
0.04395721153084198
1.1258442777409967
-0.4070316560089279
0.19994297351956813
0.9182593754914081
0.24900986476523124
-0.40114507551755774
0.7804478155363825
-0.4094959666476582
-0.06184289860243242
0.6958454297135259
-0.4515534512137723
0.19112124927211205
0.9642316500932159
0.30652188827127425
0.15007569230400153
0.8056399068498729
0.3551463287969927
-0.37166107354646105
0.7108308649895428
0.15314308012367672
0.25571597768013055
0.8131182252206921
0.3200981704192669
-0.295862739969034
0.2664717743001058
0.40638834937706914
0.3722991658937178
0.9602372702612084
-0.4538265191040626
0.29039448742940543
1.080505693395294
0.39083693320317225
-0.2356607893369287
0.48766102169372794
0.23368852145775232
0.0022233253998802383
0.8672889069438643
0.1831084505386279
0.03743781752359687
1.0006660009466577
0.3416265947280207
-0.20644004565339824
0.9086843636550981
-0.24012448152170862
0.14790764519317523
0.9808841225994407
0.2274350365668748
0.08126731749791516
0.7672536181912764
0.2274350365668748
0.08126731749791516
0.7672536181912764
0.2274350365668748
0.08126731749791516
0.7672536181912764
0.2972338001947098
-0.3169517682666718
0.6538539799479928
0.4151384563041568
-0.2022730233830239
0.7732862967255071
0.1796419470665812
0.1703153968737866
0.26614669788353684
-0.3766187318471417
-0.04909747778748408
0.966394986878158
-0.4513221419783392
0.07487916193134958
0.547746295000501
0.2609111985662129
-0.1430384146730268
0.6757529944337562
0.4186394680277863
-0.2859237217597874
0.9231174679494338
0.1228064201026583
-0.24939339873883137
0.6260193350305324
0.18912120486598893
-0.040056922028640196
0.8004640689748811
0.043789763392350856
0.3666891677914482
0.48568158759370594
-0.401470143442885
0.08813101377315591
0.645885190811543
-0.46768724098692305
0.42304932592595357
0.48610483371677016
-0.39787661697288546
-0.3784289466135108
0.7647127925095297
-0.043594984589222174
0.46558801520600057
0.7914291821181879
-0.13491539259845187
-0.36234012158267115
1.120448658324293
0.26682242708417503
-0.43285579521298234
0.815693465368375
0.17364634661648137
-0.15553749472355405
0.4946559157625967
0.17211744909848858
0.13225985798189888
0.44941068873319245
0.48262728563272506
0.2574160273383671
0.7741374545022893
-0.4028210637459939
-0.32153073042081515
0.8947161228195708
-0.15398241708002658
-0.1811367048635919
0.7969676629719202
-0.28213237323876716
-0.08736487765315115
0.806064407104053
-0.21770832394167206
0.2624007599165552
0.8264376761095535
-0.44664444172181594
0.33004330038756824
0.5190267345449303
-0.44664444172181594
0.33004330038756824
0.5190267345449303
-0.050781913886178476
0.4895576868390533
0.6953166922397004
0.09686303387010387
-0.24457393211724132
0.530196195527454
-0.04805558531926979
-0.1013321281579368
0.30654644842219025
-0.28233958818263216
-0.021241146598892757
0.833496099086642
-0.08236449530325085
-0.08593139686167517
0.39560541405435745
-0.4516780433950752
-0.05344716074222733
0.3965969085712776
0.2904332373469678
0.017575540577355442
0.9771839612336488
-0.22855545492069096
0.0033479060311407682
0.8544632842125991
0.4603944515232118
-0.07144357778551103
0.6539545013201895
-0.3775721491633718
-0.25537971291435035
0.837752473615488
0.12973494380618178
0.0849079344275937
0.265951828168171
0.1993954181566716
0.4136406589077116
0.4507322540366717
-0.4757615835763317
-0.32022043442195247
0.5306274509420659
0.04957091330353214
0.3209881644996364
0.6406225714519951
0.15806185586444788
-0.16845489357581367
0.8113474372666152
0.4330849807913739
0.2451673183332468
0.3798451828248919
0.42151389809823014
-0.013092667424803417
0.6185811234283298
0.01458367567907215
0.06241820581237356
0.2978720913120828
-0.45170213512385105
-0.3526860094486448
0.27851923519236066
-0.4619747993775699
0.013562247195946675
0.7610170450372227
-0.2805194239541955
-0.19493832852823045
0.5761598364001608
0.03171730662581862
0.32281921486447596
0.29548699449656834
-0.25045589469139196
0.09276160522083521
0.9788603176748092
0.03136844063333166
-0.4656029011561654
0.6622496197129719
0.34456796940534484
0.18200542434640876
0.24862445849802994
-0.4211898236831205
0.18084201647350062
0.26396246496686204
0.27798520160247453
0.3231600320398237
0.7277169144888544
0.1804435683275507
-0.14396139933674557
0.32279291637720586
-0.060267493176138554
0.4584874198135077
0.9740973985991489
0.03675573681834443
0.3926817397270729
0.2542881130455221
0.3757341272071877
0.04769395551416211
0.7533232535410888
0.3848483157800927
-0.3899268533885778
0.8032804058877103
0.06534233628068775
-0.11864697483139064
0.44037507289828104
0.3811909543537205
0.00252060254033859
0.7305723308992141
-0.40198277305775887
0.09508391132244731
0.8204317326300429
-0.0021437454933402877
-0.2713581702979323
0.8551468445719862
-0.408613223928734
0.4289200788678875
1.0860916208342681
-0.3209029837816815
-0.2340777656904759
0.7134322255852341
0.37416623441283636
0.17098266087644154
0.4825388112725766
0.3178439744435604
-0.16454733016577594
0.6682948981965484
-0.21208956170612747
0.3589843040753854
0.9223475149128731
0.2158541557668482
0.42676484754661403
0.4438205237298555
-0.40125965749984827
-0.40118856938153535
0.3709674544202931
0.2768886072780803
0.3038332834625658
1.0023605969935012
0.4433794124993864
-0.06532267634319522
0.2403520818498187
0.3349527090296218
0.12173679032255358
0.41068876736624005
-0.44907560804700153
0.28361568056836517
0.7669174555943766
-0.07539113486925986
0.3835597471539125
0.9789012788963749
0.1613485031819678
-0.25389149302109204
0.7428922472545482
0.15410774611910039
-0.3944912868011268
0.756547161236211
-0.2717916611297968
-0.1694261778721654
0.4204152576674334
-0.2838258937404048
0.3070597094259694
0.925764037734602
0.46098717160469127
0.2435234449581941
1.0005516512490737
0.45300684948497105
0.2615953852351044
0.6958029753606584
-0.31614655170008676
-0.12117681886759235
0.7227969747932005
0.28058107962979617
-0.23813734307722256
0.5096991540275387
-0.05724530893931856
-0.33302610739276994
0.7243366571869466
0.39962920244024214
-0.45895817352043655
0.8730531300888817
-0.35557330753365346
-0.18057160205941902
0.7911384849833994
-0.36030342758571343
0.27742786130549946
0.2755053808155927
-0.36030342758571343
0.27742786130549946
0.2755053808155927
-0.026226311648891554
-0.1892103924738996
0.3919215322623567
0.17062610799497946
-0.29012292667130646
1.0620221153391696
0.20108770967850553
0.04729122084411297
0.6013180218558347
0.21593292963835986
0.2009076698171831
0.9018934547059185
0.18453132218047374
-0.040657128651463204
0.686928379925622
-0.012527737785722248
0.00028182906990625867
0.3852143781487478
-0.2779632050406715
-0.4340847726424931
0.569529182751761
0.2075286184863404
-0.12865984944004005
0.5656834166957747
-0.21363217596901252
-0.07069401687836563
0.3672512973550215
-0.14010423594623778
-0.38349827485721966
1.005434331990007
-0.0984278348109684
0.23128533004399066
0.9858847146229065
-0.15950071626685924
0.42680427849838354
0.6449033951470805
-0.006330134320302716
0.09321859667252841
0.7009379732602197
-0.2735165204516006
-0.45271590002127127
1.053236357380468
-0.1389731221457864
-0.4872975907944477
0.7788926686314186
-0.05994047365237953
-0.24671832389290382
0.5312651596053376
0.23725795996392318
-0.31468867358269803
0.4209922313819726
-0.05947339202094959
0.15409516321276362
0.8595807770750438
-0.03294351516083205
-0.22852237186891378
1.1179951591551844
-0.28571562925545557
0.3360614786319607
0.31917404649154857
-0.28571562925545557
0.3360614786319607
0.31917404649154857
0.3558745186335144
0.4770831265021209
0.488400611539912
0.23787663376394996
-0.13749087378795433
0.34442058776968365
0.46168000403227216
0.2501230185311206
1.0041029964403945
-0.48105135205936334
-0.2932095058259966
0.6471475366790469
-0.26131558083784767
-0.1437536483158316
0.6923561360585098
0.4877595022745881
0.09733081524133014
0.8986651216674587
-0.22412572770192252
-0.35776297114176303
0.8036127672646224
-0.27152524041760706
0.36275660282332345
1.0031009208629054
0.004400978686705526
-0.3552667532704207
0.8063204535106662
-0.31776983599588027
0.185846415940764
0.4398448604681281
-0.41590896552152845
0.436464598715371
0.6077966185381158
-0.07397029650685505
0.30781188059750986
0.6866389896802786
0.23598341371233245
-0.3325135553152372
0.8769527327828556
-0.009989676014431348
-0.33372794751791446
0.3757658943967138
0.22819227317399227
-0.26036665010660043
0.3829461524677359
-0.014837504188448647
0.24637988727256743
0.5858454555755734
-0.3215128410423477
0.07752834230423078
0.6007377695398438
-0.3088048707330179
0.23254845476921782
0.7462132160621748
-0.33032433898349245
0.3454558473559194
0.8057060051645538
-0.1674089632938368
-0.3540584480609881
0.8610180175918726
-0.1674089632938368
-0.3540584480609881
0.8610180175918726
0.1797285365594159
0.3807832470521997
0.9061314808653249
-0.035270966740291954
-0.23418258738565567
0.24519358835605443
0.2548808122394348
-0.17235343284485327
0.39268644599190694
-0.22042544378220708
0.2903007217080438
0.8330048730841069
-0.08481752372226725
0.2353871943819642
0.9117288885891641
-0.10717083184658271
-0.052694135732896386
1.0112692281388298
-0.10717083184658271
-0.052694135732896386
1.0112692281388298
0.2448787543214811
-0.34625549789125765
0.7801367266337222
0.2586162899649398
0.40438911696706825
1.0415020205165306
-0.21945167054295733
0.1665732114507985
0.9865544177758456
0.03550171970176552
-0.1694934322348134
0.9295693078513744
0.14160974253473213
0.2347823202508612
0.7680731715135898
0.10724927180411747
-0.24798536737891264
0.4509575539314651
-0.29260929622056797
-0.12370036537128681
0.35646378361518016
-0.10324655621686141
-0.1388832865201256
0.3689155620490341
0.04758694655759288
-0.02690473718222286
0.4480457974257742
-0.23945644095478547
0.3184956015339627
1.0033295486089853
0.22132122069982552
0.4041760468228357
0.25631323151950325
0.47254231214152953
0.43063498957974367
0.486323696044191
0.47254231214152953
0.43063498957974367
0.486323696044191
0.024653963917330657
-0.24394879407463987
0.7804769553538432
-0.2282685963740112
0.054583236801327595
0.24594756338128732
0.1730557444730756
-0.020627153370375906
0.5504794619783613
0.04205026190605865
0.12760269271089764
0.8105715786540492
0.42362756277685343
-0.43991820257003056
0.5232317164441633
0.489243607327436
-0.4851070955975052
0.29475320847755637
0.06383498170764079
-0.3931282394835742
0.5551191821931002
-0.32546460140669276
-0.43014378892676297
0.7264815965990805
0.14111726414590742
0.3219767797241726
0.46258977083913133
0.1061819754861616
0.16397356181137335
0.9442387408336355
-0.22490197689077707
-0.34295150203012614
0.4140930829886653
-0.004417288334431557
-0.14776511585811425
0.8436064453389881
-0.47760472161916956
0.20186485835752255
0.6781243508272811
-0.2743051854300512
0.3424432588838465
0.48525392644406595
0.2232708033345302
0.07064180788832652
0.9373198003556552
-0.1385240584043721
0.021445981713234752
0.93736173028983
0.30110922546420915
0.35847138127891
0.4935429323322882
-0.22827234381938166
0.35450984302646515
0.9817037764118957
0.4482597084575628
-0.1922266770324763
0.2415475473288482
-0.374915351620552
0.48942599839419476
0.657419656935072
0.08621302904988393
-0.45818906897246114
0.4018000552626553
-0.3414214936032668
-0.3495619543274414
0.26780504034617303
-0.08386255510325824
0.04156713654612887
0.9599888038984123
-0.014938923408896354
0.44939103598310404
0.5792926103361248
0.2511940663077654
-0.43218553456605124
1.102407327707715
-0.20795764574932374
0.10089715687306722
0.2932886433289923
-0.308440963836736
0.37648657599410673
0.9690105504607981
-0.39999043203837126
0.4811434256179652
0.8474697662153007
-0.46001090492076246
0.1437205661117973
0.36481030799461167
0.1079358742141352
0.05813962182170329
0.9094294843880263
-0.19282585826887177
0.32817752442993764
0.25539227408668275
0.3222166935896804
0.23041747442941518
0.42671510524334366
-0.47399165945798183
-0.3182748459714747
0.3276078709780543
0.3573009884654429
-0.16345266896784694
0.25061456055106746
-0.3030629673111207
0.19795498302213377
0.30309240995438924
-0.14950205944401884
-0.29359378734063124
0.914623583623348
-0.14985885571786006
-0.3507769512087787
0.8550071138947191
-0.11204168457126329
-0.18078971889623685
0.7914616204087919
0.24213395620762534
0.2687822894035373
1.1269818607794129
-0.18045194742675763
0.4720365274076933
0.7094909469210186
0.2014099364187132
-0.19062979372180722
0.26222518320453025
0.47938181813655045
0.3131416843244921
0.8194648292574669
-0.04077894793266401
-0.0011236201690006942
0.7717949756310827
0.19812573420348312
0.3187447905692733
0.4949833621108204
0.40330328590260955
0.45566774007964406
0.8683980616323521
0.12905594955820698
-0.2513396514714489
0.6267077402890342
-0.4875029534938762
0.15708950453042314
0.42318727044367854
0.18543575002656287
0.12406233224797336
0.44401553189904985
-0.2111338845011116
0.10210496586647622
0.825321151813387
-0.20230993309909218
-0.2869881201611585
0.3512860357481141
-0.033447495742960576
-0.08096396972630238
0.6912594932057794
0.10149695705707362
-0.27307346118347664
0.5556978644223839
0.11457674916460237
0.21674940129053977
0.7072768627390756
0.1449095257654739
0.1816788559752811
0.3471322315366233
0.24296760309124865
0.24274700608194766
0.862308874540681
-0.006709442913319319
0.3998483771084421
0.622570417613337
0.062321156140076384
-0.43256611046103777
1.1127273071465362
-0.2693231241015922
-0.17954561774452438
0.48058282655525664
0.19907245032902698
-0.029107115669022576
1.0449197242916204
0.43355162741078357
-0.2933025010712307
0.3175939150254523
0.45732410096007714
0.28242271835608657
0.4957015103371316
-0.426365994864502
-0.0005412931353853123
0.7144334883753201
0.3068396654724195
0.26878942083636925
1.085428736453327
0.02426516896479891
0.45820353703694794
0.9157919348421613
0.20391812042638657
-0.48864764088331514
0.5774452013737963
-0.16571197934070914
-0.10020347154914389
0.8022091250212262
-0.09353400553549118
0.3382104249283969
0.8321592077315654
-0.20068220535842585
-0.20349252800584716
1.0854408471529875
-0.28349652968905137
-0.11788459110891081
0.6881586233853357
0.3871358562495586
-0.1030894127937948
0.5374977180087408
-0.4478598480132059
-0.24510231458389165
1.0880382427042845
0.4001063946773241
-0.3484386014818006
0.33328954993669735
-0.1144509703676646
0.2895819158380566
0.4581405829870139
-0.032984222475255454
-0.2504600358447435
0.37592865952152754
0.21291059322866102
0.37891277392841505
0.5091396677897441
0.23403638832434714
0.08713315558056711
0.5161906811061211
-0.14800807620166012
0.01127180271014605
0.7015850936902223
0.229603436110406
-0.3079655222316041
0.7809579999567805
-0.45041737992587605
0.06665621966952329
1.0134148315298115
-0.21678161150975184
0.4557032132576866
0.37386851205711635
0.2720509797548386
-0.04560411834034617
0.3206162453629845
0.10012106708879642
-0.4577824773506136
1.0779119309128944
0.41538034243393096
0.3647924958024712
0.4242949680638298
0.13354678187589697
0.24444347428673052
0.3670019833612349
0.2542178870040469
0.09451978541567019
0.699259270542728
-0.22168386570545917
0.15916544386397535
0.4487107092047402
-0.07203581573174167
0.4306263252005734
0.43216506970184976
0.3914792921950011
-0.47479236366726996
0.8411487033307791
-0.42230865003572415
-0.20832199727486933
0.3253082300908873
0.303755630078796
-0.1289832784839402
0.6378058172816619
-0.01846680325850325
0.30360590029467216
0.9140434586160745
0.29415294819064064
-0.003995028902362363
0.45034497306930643
0.23762755680782155
-0.4620980318755641
1.016113064685054
0.04942179332721797
0.43329060555931054
0.8488348398433418
0.4079527430587757
-0.09928923888064944
0.5362514556932
-0.09595684647344616
-0.091720531438643
0.8825569856804573
0.29494235559301873
0.13488303470442897
0.7726476067972752
0.050214394729389045
-0.17964139514658883
0.9384508859703714
0.30126052595589825
0.07789899838690173
0.34842503997181784
0.4151964300763271
-0.09968581641550012
0.3721681368593036
0.2731951133221141
0.23689028524996425
0.6726243157781967
0.12716222216267947
-0.44152204486317037
0.33880301811448454
-0.4299121345170642
0.4190744784674513
0.7022241886986254
0.3896254990444896
-0.210892391133085
0.992297740185495
0.030254674340741472
0.25901746092988054
0.4443522060816042
-0.2348007096717215
0.1234737376225038
0.7176998331079998
0.4801321669599151
-0.3327912396619699
0.23977795988359063
-0.12849124195140338
-0.46240993008016973
0.3163737870780332
0.45721534612418147
0.03907937555963259
1.0257043320232526
0.053563403438206536
0.2292883095183561
0.8502015894976941
0.39652610416214895
0.029327296673346548
0.36162595139054865
-0.2900555796199513
0.26882760537875194
0.6488161480490398
-0.09910706608688458
-0.091113689078133
0.4411161098420193
0.4869723970468529
0.1884272991744229
0.8889224086910698
0.18409836505578947
0.3858299120054437
0.7751413894887904
0.12656285874431117
-0.2742524899751131
0.884529009220306
-0.18770695365093115
0.13893935378014188
0.8566806507600886
-0.4577442559600394
0.32793362605348886
0.626536507781346
-0.05120062077108778
0.4443880997607167
0.8692803999347131
-0.042392865809361635
-0.31446349449124333
0.4177849700496167
-0.2728368283760897
0.2833862268258609
0.5158685641564954
-0.2728368283760897
0.2833862268258609
0.5158685641564954
0.020675955065975637
-0.037156035594004155
0.7702554014599025
-0.36081804892366065
0.2471154187715927
1.0646835003739565
0.21082749560171177
0.4856020095319845
0.9915801543292123
-0.26692354668847973
-0.4055044273525067
0.5542586927214013
-0.20092056985747042
-0.46311844090470156
0.28612484602586685
0.23512734195302087
-0.21000462242673423
0.683828833597874
0.2685972353843601
-0.09230615805634068
0.5965513664520654
-0.20016912571726764
0.2688449259033622
0.6990019632231774
0.004570425657867472
-0.07368442937054209
0.3701614954115817
0.05763822395738061
-0.33236666805652637
0.6100801370461363
-0.4510668317691099
0.26804280245969747
0.6062464834470269
-0.09483104742737603
-0.11174748827391767
0.574222820299084
-0.1752568439397587
-0.2891266446451418
0.8019555439546739
0.19359280060116435
-0.16196816697127048
1.1128837663221343
-0.13018473718048507
-0.17984881500334116
0.2585133243639416
0.11677676016442373
0.004009063537232294
0.40076282331160584
0.2544235422048041
0.41282073769954963
1.0658358833627992
-0.20261931040049863
-0.17852569587763134
0.45141977333859695
-0.01017223912991072
0.2808363539744314
0.839719000231609
0.048363103187899936
0.18482546166675706
0.7358463989722551
-0.47510455851480493
-0.2555642167906793
0.29491534767085203
-0.3022818890481176
-0.06870365801447131
0.29869435048255444
-0.41942107763759595
-0.37576719783938717
0.4390653775654241
0.17289873633600839
0.10065283574227113
0.993536496338086
0.22516876181544232
0.3636193835249878
0.5533220045739
0.03764186025898186
0.37793962484084764
0.8361377054057644
0.03764186025898186
0.37793962484084764
0.8361377054057644
0.40026697846187365
0.2844996478859456
0.6532585017695162
0.0884931024834108
0.39566156786572293
1.0698789495129146
0.2723644009211328
0.07121703994767559
1.08976440930246
-0.4530895190130566
-0.44920561771856493
0.5550805432656302
0.38061721420050076
-0.4511110097990797
0.594090832884912
0.3031492155384222
0.3879331438073328
1.0592294109636566
0.25729744940823907
0.11462517427848429
0.6524591482474382
0.3313144523964632
-0.3167822945590374
0.6725363671833019
-0.03179223018111477
-0.3574632722558614
0.326143105213634
-0.21973141428991705
-0.049457265438466735
0.5934562568248113
-0.2327580110267522
0.34046171095362565
0.7039851820833025
0.045950027300739715
0.3184563662671661
0.9282066029857613
-0.022700765511163956
-0.10642115218057724
0.9038384909403987
0.10570225022072177
0.24913938773315614
0.7131514395127054
0.2192370857833854
-0.05758779645641776
0.9645556660750635
