85
85
85
300
300
300
300
300
300
300
300
300
138
83
83
300
300
300
300
300
300
300
300
300
300
65
65
300
300
300
300
300
300
300
300
300
300
300
300
300
300
300
300
300
300
300
300
80
300
300
300
300
300
300
300
300
300
300
300
300
300
300
300
300
300
300
300
300
300
300
300
300
300
300
300
300
69
69
69
300
300
300
300
300
300
106
107
139
130
300
300
300
300
300
300
300
178
131
300
300
300
300
129
123
300
300
300
300
131
300
300
300
300
300
300
300
300
85
88
88
300
300
300
300
300
300
300
300
300
300
300
300
246
300
300
300
220
85
85
300
300
300
28
28
300
300
300
300
300
300
155
300
300
300
300
289
76
76
300
300
300
300
300
88
300
300
300
300
241
83
83
300
300
300
300
300
300
300
204
111
300
300
300
128
124
300
300
300
86
86
86
300
143
300
300
300
127
300
122
300
300
258
107
300
300
300
300
300
300
300
300
300
300
300
300
300
300
300
300
300
300
300
300
300
300
300
300
300
300
300
82
80
80
300
158
87
300
154
120
300
300
300
300
300
300
300
300
300
300
300
300
300
300
300
300
300
300
300
300
300
300
300
300
300
300
300
85
300
300
300
300
300
245
118
300
300
300
169
91
91
300
300
300
300
300
300
300
300
300
300
300
300
300
300
300
300
300
300
300
300
300
300
300
300
81
82
82
300
300
300
300
300
300
300
300
300
300
300
300
300
300
300
69
69
300
300
300
300
300
300
300
300
300
300
300
300
81
300
300
300
300
300
124
111
300
300
300
300
300
300
300
300
107
107
300
300
300
300
300
300
300
300
300
300
300
85
85
300
300
161
141
300
300
300
300
300
286
124
300
300
300
300
300
300
300
300
300
300
137
108
141
134
300
300
300
300
300
139
87
300
300
110
102
102
300
300
300
135
300
300
300
300
300
300
300
300
300
300
300
300
300
300
300
300
109
300
300
202
300
300
300
300
300
300
300
300
300
153
129
300
300
300
161
80
80
300
300
300
300
300
128
83
83
300
300
300
300
300
300
79
300
86
85
85
300
300
300
300
300
300
300
300
300
84
300
300
300
300
300
300
300
300
300
300
300
104
300
127
129
105
72
72
300
300
300
129
129
300
178
91
91
300
82
103
103
300
141
131
300
300
112
112
300
300
300
300
122
123
300
300
300
300
300
300
141
139
69
70
70
300
300
300
300
83
84
84
300
300
300
145
240
107
107
300
300
300
300
300
300
198
118
300
300
300
300
300
300
300
300
300
300
300
300
300
300
300
300
300
162
170
300
300
106
106
300
300
97
97
300
300
300
300
300
300
300
300
300
150
89
89
82
68
68
68
300
300
300
300
300
300
300
300
300
300
180
114
300
197
85
300
157
85
300
300
300
300
300
300
300
300
300
300
126
112
300
300
300
124
300
300
300
300
300
300
300
300
300
300
300
300
111
300
81
81
300
300
300
300
300
300
300
300
300
87
111
112
300
300
300
300
300
300
300
115
110
300
300
300
300
300
159
300
300
300
300
300
300
300
300
300
300
300
300
300
41
41
41
300
300
300
300
86
88
88
300
140
144
300
300
300
91
91
300
300
300
300
300
300
300
300
92
300
300
300
300
300
300
300
300
300
300
300
300
300
300
300
300
300
300
300
300
300
300
300
300
225
117
300
300
300
300
300
300
300
300
300
300
300
300
300
300
300
300
300
300
300
300
128
300
300
300
153
145
300
300
300
300
300
300
300
300
300
300
300
300
300
300
300
300
300
300
92
300
147
126
300
300
300
300
300
300
300
300
300
300
300
300
300
300
300
300
300
300
300
300
300
300
300
300
300
125
300
78
88
88
300
300
300
300
300
300
300
300
300
300
300
300
300
300
300
300
300
300
300
300
300
300
300
300
300
300
300
300
155
131
300
300
300
300
300
300
138
139
300
300
201
86
86
300
300
300
300
300
300
99
300
300
300
300
159
88
88
300
300
300
300
300
300
300
198
142
300
91
86
86
300
300
300
300
300
300
300
300
300
300
245
143
300
131
123
300
300
300
300
300
300
300
300
300
300
300
300
300
300
119
300
300
300
132
167
300
300
131
102
102
300
300
300
300
300
300
300
300
300
88
87
87
300
300
300
300
300
300
300
117
83
83
300
139
141
300
300
300
300
300
300
300
300
300
300
300
300
300
300
135
122
300
300
300
300
300
300
300
300
300
300
173
116
300
300
300
300
120
119
300
300
300
300
300
300
300
300
300
300
300
300
300
300
89
89
