1.3012427610227812
1.3012427610227264
1.3012427610227995
-42.73966762377828
237.81936204032658
48.729691050244945
21.958784757764178
4.777899864479532
51.598002010443736
81.58375694675537
11.122295168187371
42.643390831024206
63.78274645670864
9.880712761423064
9.880712761422991
-122.20087066500592
5.3535106430067705
25.506036872881634
56.305896645946945
-474.36511587203546
-130.4007290643147
-46.778269519840066
14.429977046222607
9.196774334100759
79.5659003366842
26.57611179496235
26.57611179496236
-280.95083138023205
115.63888188148746
-6.084667583990164
73.9027400603847
41.00368066700143
23.85232134103674
22.385901619847257
30.712453274878666
82.59765200236433
14.362431564159305
13.094182955252512
42.67431643880896
-33.928439313315224
172.37902869532655
74.1557369874307
8.79053067823677
39.66933205617304
-149.16503154496965
-2.3490868911801472
-321.9143382685585
18.686340832201445
-29.153648575692177
-8.544289446806033
26.82182229382962
75.46976559168618
47.644861609501035
83.19405071687534
-159.06765543154677
-25.87058958640291
39.55398928711007
100.55953403715478
25.289295128546797
7.18299391826546
-15.300282275896302
-74.55699894747474
80.34618383393759
18.35231663685621
8.37954767577705
55.186972273350776
194.90713227005844
29.711042155866426
-1.6869222272098903
30.10153648726796
32.39938966390776
-16.589261200384193
-13.545769538000737
3.2572389406411375
46.22701241124967
276.50272469382725
32.259966348126476
32.25996634812644
32.259966348126454
102.62717960337592
11.440192407578694
23.668488616305893
58.21853412153442
197.6216238835581
-57.31654173726042
56.22980052072027
54.464755303045585
25.24120698509437
26.85406852231944
11.283708524298701
24.258699595078188
18.92705855104971
208.79877232337574
93.82228788647838
4.108390397698391
6.561515989985433
72.57573918585821
-19.751080945170123
-15.930693934346955
21.870626134819762
19.7653834848788
15.498006777183871
34.319554468415426
36.12613627819198
44.44153717382726
-395.1488574767172
-95.42379363670301
43.54877531399877
-0.3527375808239619
131.79286333122474
6.707605833743398
-359.7253447325744
-72.29243101339402
98.10583055949841
32.3202210402717
78.9237207387042
205.56823439858465
31.944820205762305
37.58831888959883
37.588318889598845
96.56593989723656
29.21172934366614
26.01929325027042
41.75188253519255
18.895951048681972
27.8593372105261
9.828781724777546
0.7643618724243049
40.358278302901816
26.85661702350742
-0.8981261538579255
13.227191625297147
30.963275459480627
-3.0848487029918035
21.130531337952434
6.8824434396168535
-61.78663711745265
33.49350698141753
33.49350698141757
189.61548484155503
24.666620202387787
117.10253550717042
5.512620221495599
5.512620221495604
91.71409652025594
-16.930746241167682
-99.39161981386981
8.98427089950802
62.39368981844177
4.098637656110772
-12.946000054276865
108.1432381991428
5.5193342866852335
-36.55956648937624
-6.550195111195283
84.18831595029496
34.35782534714656
34.35782534714656
93.510381054113
-26.608249389679134
-67.67698789311592
-106.92246820990077
17.985727856982262
21.010633429179418
24.926047317893616
57.51632770137029
18.20969010660358
32.90898906672677
10.881089557791409
7.688595747786279
7.688595747786316
-18.678742609408783
36.94891722504073
296.2627491771923
52.04209809703894
7.0250445026705455
209.5959809522795
11.495395675224655
42.30425665000312
68.52891495539635
68.11124964375156
-121.36361579420053
16.79629330529419
53.43065927702644
47.328326669495034
-201.42663958740857
86.17809264786183
4.905978973076241
39.78143927608785
39.7814392760878
39.78143927608779
9.24789794004097
71.8461679109347
76.49691441718736
58.609532833504154
84.2202436349761
12.550336627220217
292.8091454041139
19.92375512726724
10.864948214036273
50.29146779520869
105.33463694459346
57.932094569598895
22.27235579127674
-466.354870462075
233.2586229623376
32.193091040317405
46.13670135377353
97.4204468459283
-96.75253124049144
115.2517815402506
91.14555776386493
-269.94169193738963
-168.64554554605562
37.16261886969349
-3.9897433453204654
-9.494533014873648
105.79772677120617
85.20341024677883
73.17176715197945
41.496873500098275
25.72996613267091
-6.568659766285087
-281.9718434912765
-203.56116437218307
-187.94120350594332
-56.44834635682883
59.81424364662228
6.457356515268416
25.377362789766302
-0.1661988203838649
32.74519069459671
32.74519069459672
10.152966937373922
68.37807102778376
1.8433693960772999
-28.314738699353235
45.64962152640617
54.64920022668619
17.007373730000317
11.800691775696391
-2.75620144549849
47.15271377985985
-247.68247900429432
-165.35769383428547
-60.164159546973
-99.5283111543227
60.261991704968025
78.85948971445369
27.7929581681212
18.795049268678124
94.0089238571316
100.5708689849466
27.487041041069617
-274.728582361717
-3.3535940399511373
16.601460002958614
107.6445420851707
121.44591939219175
33.57839825472057
3.986784932740274
-20.295276744486973
20.946547535479766
4.916364245296918
69.34700288032424
69.98032202808953
-18.5380835938403
-105.9393863859029
-4.109075983755703
69.53357860468022
121.26489123222765
22.122874743122946
51.3557788260014
57.592882748382735
20.283743160100293
44.56209521250878
19.77728091731672
22.881366906437055
20.699848453958168
20.699848453958122
39.41592572894989
34.17782714843225
84.91447640587879
32.70228609777259
38.06035983278042
8.936541262320825
13.04460477099447
136.0244917180217
62.516644161598435
26.952962956625537
-236.31887722281022
21.035996754000575
-360.1217615184865
69.62172600100338
-25.41008384771541
9.417612250779609
68.3489052139636
-191.8902786418409
112.75068164355292
54.10516325821087
61.200626648724786
16.703770670326787
23.051452604161366
49.390669566360465
-39.86151989874319
-22.513124402036734
-22.51312440203672
-330.23009520603756
-95.09979393316453
12.433120252519997
39.22830910587059
16.914590389563635
72.20957389711543
214.5411245337482
84.26289985262298
143.61768245312427
2.325424920724742
1.1146497427500601
-15.422177755793912
-3.1262487308991034
2.7746635596209672
153.54160306224904
31.105685775730347
31.105685775730347
38.58125352702497
-105.44474191228758
31.462351085369566
-99.13107399830626
-162.74070604331382
171.91958964424586
47.51249099442024
-119.5999077420527
22.470362925079897
30.897680252560622
27.061402782875714
166.15553894717135
27.3393706697223
5.596465793519474
80.91730606927572
1.3970969444165746
-264.44887731232774
-316.71769561134477
-8.274032042566294
56.83001101653878
65.05944075818934
7.491742031181898
40.696139228647326
11.66490529351931
142.91748499747862
87.93690584658931
12.70754170985353
35.53531504848582
58.56809728061556
58.56809728061543
10.263252100686795
17.288728929788526
29.33002757892879
-236.66416189809908
1.9521677058687474
-13.12237912114003
11.455680263727672
-4.724427150472356
-9.14206230549757
13.695570213877465
11.5994061539506
11.98031528869855
11.980315288698417
-4.415348975417696
7.569702326792718
-24.614658746003386
-47.82748746721238
23.90699465707193
55.76980176012618
18.70352485610416
11.136049426714864
13.955570209959022
40.074906757254006
64.50299739430261
38.29435810243776
50.53671545140614
52.359334753893656
-121.3507153216952
-123.09415484466592
27.476543484692947
15.849878759684549
43.12851014930109
4.816212589894981
9.24359388531548
8.731043840575937
44.54270253688454
19.34133033731075
-29.906502729222463
-18.835186806498402
57.76614924671791
28.379579778270173
-21.093427770507873
25.58025993695452
61.347919649099865
13.057626523153784
70.6279148709266
38.91874900788155
-2.943679616792006
-65.47856144504934
-65.47856144504934
63.29101224073598
-56.96988292467932
46.28815032758185
-37.47462901043236
-13.746168440312045
12.35831747669961
28.5982743137344
16.248124271792225
62.61646868817599
17.123098155556484
-436.01292296355035
-0.992046095348234
4.250065064274866
36.326241421676286
3.2668167585273116
38.5557203811436
2.4470834456024484
-64.86868978668018
-28.17422335079316
12.901502157392915
-44.441048184355765
18.762573186180752
20.458172905099953
0.3295513531992491
-1.6864456625658297
19.733290306694332
3.5074261973708007
-108.23182666508274
83.13519672187391
-37.5750763515092
46.250091214049
5.6681840016754865
-572.0656751787242
-96.0013139190419
-1.7746064458651707
189.59592390329558
35.04559510627407
24.904542792978255
2.710893507825813
38.25184228325517
38.25184228325516
32.96061061190654
21.346887812166678
21.102455564053496
112.4775140577589
214.66413461327636
53.26356844235383
9.833974208460829
9.833974208460821
140.3538882451862
-7.893712259080986
4.939213299518748
0.7432295890413869
116.40635508677032
85.09598428576058
6.147386356671467
23.25592201619914
-12.344398536325333
-14.652327677241693
-14.652327677241646
1.8757888556121285
-256.3325172535195
22.222555605978098
18.532426306027865
15.871619272977739
-9.241645733351291
18.542401427773413
35.555498760941795
74.21652680351043
-4.439083616220936
21.596816372052764
-37.980823497402646
136.1123796278165
171.28690206216442
37.78395838855368
13.320929396901906
23.423164853962394
-9.002416453783981
-1.9684554332232245
45.78991445670454
222.5719649246986
62.27460855891691
113.0274562684964
-54.75503035399236
-31.14426589450811
39.41592805907196
32.09769866852422
32.097698668524224
88.78243403540125
43.90086478396271
-63.560012448033596
-22.62935157738557
-22.629351577385613
-244.03195375632302
-65.11549371361022
41.49041077859811
41.49041077859811
18.190768216967573
8.798410670233594
57.640735459411744
57.64073545941172
36.60463752803388
80.66203949577256
71.23974894820127
-526.1327319545779
-132.1852307100318
60.01492684738257
60.01492684738255
29.94677657330264
16.117317757181077
-94.9764670997527
12.167364675174968
17.770718652615017
27.46046811051303
36.577196362121924
-169.9092076567529
35.91145443376965
9.50785898057691
63.00418156917747
95.80775634239409
27.823175034381173
28.250783735062868
25.55384679884438
34.00085690486444
34.00085690486445
23.156634313122765
35.83689152148718
124.4136676531966
90.55992325080592
10.255021435077236
34.88171732641398
34.88171732641395
50.25232587454551
16.243527797548676
42.02188831940571
-0.22058239025197843
55.07542514679481
58.56135192096252
58.56135192096255
12.02621145962193
101.14370962180624
50.14734532709215
32.15913085996325
-12.53497692225881
18.015817617840227
30.854893367057723
53.86346091693285
74.26523675860318
87.43325412438305
12.233140211721965
65.44516468247677
-1.3080306382805353
16.55063504842767
18.17825721148948
34.2691370678559
-3.3134357113118647
-2.3583440481147098
22.03630058138056
-1.4548941266857454
6.771893264755134
4.49271715595991
33.20356523650287
35.32943190804303
131.2199396953231
-6.872116238987017
-2.5282501788053553
98.05061761057799
-63.238192627925336
56.91340667127829
56.91340667127821
56.75203734650086
72.36376747825426
42.395690479223376
42.39569047922346
21.61757611164671
32.75357871382106
-58.0087539314201
-89.06803813697152
-99.15926085689173
-59.99464797866668
17.047617806068743
1.1770645493135432
139.3652157236914
28.14161092194634
12.192734939797367
12.192734939797358
-29.588797376137045
30.180350699683192
30.180350699683192
30.18035069968319
40.98701012763009
26.653407414640068
9.395496636700406
-61.555877166556144
16.501032809570756
69.13984396305803
39.056024665639036
-96.5798048414104
88.92248169729939
17.032146103684862
55.534442301862704
54.2912588192274
34.32033726407891
41.34111000032796
10.354244244707614
29.951633052312026
60.891207929968466
-1.1490699636033164
21.241579760925514
35.10163756401729
19.06315119821303
12.728089773918066
4.842899549845843
39.046663269649414
61.72248159850164
66.45767824599127
0.2949563986054069
-182.88749077498497
-44.07841106575871
37.478257427283964
58.77480576070102
21.551325263651332
-75.94785330881292
40.08926712329675
101.0217426405857
-16.0641979902529
-228.67422488625385
8.408949281883059
31.167520130113747
2.7253395241912814
281.63816521555765
231.2813330181412
222.9179381575071
51.74258434344785
37.12864126399485
20.22828565782212
-4.314648062725976
185.40570502372466
-20.35414406037043
-20.35414406037048
-169.32249331646085
200.8719739571846
21.250832961135846
-61.2903504468348
-48.78611974822469
-24.08223985324812
18.61649960560752
16.18705166973619
112.5182654719528
28.766878288802708
55.557741729605866
59.36716074958891
128.9934248599832
48.10307623351646
167.47109585006368
213.03612250735532
42.14560479238642
101.19575892800154
92.76681325407675
57.71347746323472
58.21266394485586
48.55977914333031
74.37636438701435
22.79358257192949
87.84837063773837
102.38290557863198
28.074860553083617
46.359021805423055
-86.44101626829207
-120.50836077253562
-5.420475323470457
33.51700096653024
-31.76196163183206
43.401474247559726
85.141655429277
176.28563177387338
86.7075333197699
31.263585835172826
29.903653862188744
121.1868509328
3.529405737556723
3.5294057375567247
3.529405737556723
30.05827518007653
4.525706767047868
32.819824016127136
31.53084512465842
0.3774134229892152
12.89712758923885
12.897127589238908
27.350219897387255
67.25617472077835
73.97040834631645
42.28239924042649
2.2905758849029008
52.396942648547444
-13.16005382790977
-13.160053827909755
19.377138122648855
-5.116155318806831
-274.81955965134154
-263.0485789262588
-368.4298187037208
-38.19679300668078
-14.559921471034214
69.16505655141714
12.492541025545316
13.085282022585394
-83.39414613244185
-29.30164716885783
11.365219871893183
4.36473436725836
32.67821994352219
28.81932575354851
4.870667955820349
91.6870254999895
93.08676586591356
145.12180064828746
47.18589827735719
21.98375079738267
20.40967622502816
101.1516271169461
31.681274665110557
11.947003831980668
-124.63398151241522
-26.503607134051066
204.98782061359262
215.75340569299667
24.868865771674642
21.767060833258025
9.61083884010153
25.897544866295362
57.17869848322525
64.10620975569176
20.1876426224273
19.22576319482404
28.54588049095735
42.20255774905402
37.36232764108556
-81.77050751761115
-41.29772032231145
67.17488260742788
71.24756875497162
-1.494832202528783
-33.09064274990806
38.44993890580966
47.33528102113536
9.629128178795517
-1.0920265144290615
21.288480331295304
20.700989786577807
23.616743287774096
40.2857779659577
50.381168848618984
18.458724316645093
-350.60657851024126
19.767569601043785
60.409286960737354
75.66348006227092
17.129747732681373
11.5281558356668
7.428876469765839
-19.882289708326713
21.420570284466937
21.302263000719748
-333.28644450688995
8.877228168444399
26.232646381103113
12.907784599530594
11.536282405553086
-398.3912125731762
-33.14463753173663
-22.134698842324294
40.28821817245651
-6.2568185277554305
12.693638380096338
64.92982621957005
42.13296352829184
26.626516064048005
50.53290945672832
48.62944271824505
-8.651127755143168
52.62791181410443
-19.449867204088875
-313.79795813305117
-377.8108713379851
-3.6747201357022847
155.11236181574193
85.11445294089224
37.856620963673976
41.97800429546594
-50.74414744005585
13.340952249539459
-2.753207389365934
65.77318299099332
11.265936322188727
116.1571956011224
19.09466758520071
57.96221275256972
114.87470795600166
281.0191520384479
8.044277901549007
62.13956563435049
165.66943360889533
86.66612767801229
157.21361080703804
51.34034975753102
-21.245895780916165
27.907260534832915
32.60951886967305
32.60951886967301
63.25279141926016
19.93264827979803
35.44321235381635
-59.09046158696688
-46.617833624170636
121.88468663266009
11.403753596324512
18.621615580977387
3.1403378370246857
3.5710520084292887
-8.393093900670292
13.876897401138256
9.837714516673651
31.803013535844997
67.96271475707293
8.494883446453967
2.262719656866849
23.75100140636037
-25.326272145678775
-82.69064154706682
4.579899333060298
39.97692772278387
21.10643027790042
-0.35547123095763145
41.11196770437937
-109.4385441665429
8.093890021731978
1.1760021332445378
-36.24173134713205
-4.927233540641328
5.009221000188815
-107.03504620611882
61.83981014571041
-0.3493654801405657
9.096068768319542
39.09911238405301
33.9365841422961
27.302064268464306
-3.868002227770781
35.21232347907384
-2.926578594070553
29.412997276604248
29.412997276604187
-27.317595322036688
10.673680859755173
15.537181249606604
317.9358136043014
35.611807558229465
113.23434521399595
70.80588935583599
110.6052735509912
-13.636094249802161
-3.7584078511401615
21.581577467722557
54.37811286930739
13.77973201997142
13.779732019971418
-0.7564948820981483
-9.058407375995717
72.24380955443085
78.52947076798951
87.98232123247796
20.058089781518767
32.07834084420316
91.06216620506765
24.91602548810417
-54.374617821203785
30.76924818456934
33.220537326897606
33.22053732689755
48.44533494548113
20.401442660763305
15.205410718841918
8.100024753757733
-122.73370767670819
13.053961188732979
23.51431384032476
17.74826027588469
1.8933245085483166
103.82928790195231
67.00130425874325
73.64663186545349
21.58374538279055
20.568416556253197
25.481324762320057
-1.687454224956292
0.4522187252771121
23.207693644465596
-4.123723359770045
44.63798985824146
27.091824820125908
40.3738214851983
60.33720041270393
27.386617096739307
-124.36917501918018
112.5502275772637
77.45003015153661
91.4912676154368
-261.3665489450229
-73.8628956692407
54.891448392507755
59.59448914684856
114.67421387873213
59.73948481185495
67.03719107619857
22.181946929763754
31.937999501671406
-6.679908749790516
58.779855740718055
58.77985574071803
54.305313455522565
-10.440273819985263
32.57706963851331
30.054090417380596
-12.966530911887864
13.62897096128707
137.37173481168497
6.475879952419483
15.268563004287964
10.59035960783425
10.83808355485074
10.838083554850748
11.791428173099877
174.4156712651609
33.98757984895431
100.91684968267286
26.326305571793174
-4.842459946873296
9.510988519411155
50.80670167363339
33.42253153061444
33.42253153061443
26.20688945232956
10.380019502350827
24.237669592069466
81.95588507719299
116.74772865020876
54.41731131915771
34.70909170245987
-2.9579947238909177
20.073961178219857
-37.927594057487866
93.0219378366655
56.050496021030284
-19.085031944389986
-6.634359862182358
-185.50531770982553
-154.58466514035425
27.433649277934144
21.21301575720866
47.92434171988077
98.30474647502629
-12.325028524695117
3.6782093385295695
35.80196663179058
43.3754412525511
81.9207195064535
-156.722896692477
-104.93645836773815
115.34591484569468
48.52378848181223
66.41160354991294
59.40764659512557
-2.3147916678709266
139.46025479143725
213.59871766459327
369.6424940255213
55.868232665458244
55.78133880839108
-225.0902759955085
-131.81956103176591
-104.55930179247471
-46.29867283897186
224.16689981322682
-129.226787315949
150.83221609744797
35.22880424118522
-15.703734643525909
-126.26036047920445
21.160520039202943
14.50343515037706
48.10391280169957
26.922040689064037
-31.90440336175744
-31.90440336175744
