0.5279625613903411
0.17911490816848485
0.6351
0.5279625613903411
0.17911490816848485
0.6351
0.5279625613903411
0.17911490816848485
0.6351
0.2965551614922617
-0.11398109907670784
0.6351
0.5673984734643582
0.3329284351895079
0.6351
0.5673984734643582
0.3329284351895079
0.6351
0.7305180206378876
0.36839542859644037
0.6351
0.2593008447249945
0.14996776018079694
0.6351
0.2902478395492405
0.25886636570881194
0.6351
0.7019554403486046
0.19903157591564957
0.6351
0.2232100565429962
0.4343090576630493
0.6351
0.2558523307811169
0.24055764518162537
0.6351
0.6580842421935613
0.055800488362365286
0.6351
0.6580842421935613
0.055800488362365286
0.6351
0.6580842421935613
0.055800488362365286
0.6351
0.8330485147863977
0.17141362534483373
0.6351
0.6978550966942261
-0.25051737780995564
0.6351
0.2317190521449335
0.34025141531115666
0.6351
0.2317190521449335
0.34025141531115666
0.6351
0.3029350280491869
0.020614429898750508
0.6351
0.3173687249974182
0.46438870214725303
0.6351
0.333824988568429
-0.12069375244466563
0.6351
0.16898853080845044
0.26295769608399344
0.6351
0.8530436916309945
-0.27762455512155393
0.6351
0.2729614165650043
-0.3729377703573429
0.6351
0.2729614165650043
-0.3729377703573429
0.6351
0.2729614165650043
-0.3729377703573429
0.6351
0.3868930952451495
-0.08039463865981178
0.6351
0.006746684991772334
-0.06995828339494858
0.6351
0.006746684991772334
-0.06995828339494858
0.6351
0.2361943287779753
0.20040857417464153
0.6351
0.2361943287779753
0.20040857417464153
0.6351
0.1667773429394055
0.0785880652848967
0.6351
0.6518307491655086
0.33651011507799367
0.6351
0.6518307491655086
0.33651011507799367
0.6351
0.03328633082347077
-0.21529905349254497
0.6351
0.03328633082347077
-0.21529905349254497
0.6351
0.09944678292350839
0.21955594534966227
0.6351
0.7590876867851899
-0.1201119489235567
0.6351
-0.03540364405057295
-0.053321217474192606
0.6351
0.30600157348643076
-0.2841654370392883
0.6351
0.6944435562903593
0.10792344112698227
0.6351
0.4862393461118273
0.47351168178835756
0.6351
0.4862393461118273
0.47351168178835756
0.6351
0.4422237729872718
-0.0395817380914818
0.6351
0.7920219954319001
-0.09789714674309224
0.6351
0.32408907679036547
0.08379014314275923
0.6351
0.5972117547522928
0.26451122381501957
0.6351
0.6866372940699379
-0.3060679431818196
0.6351
0.3655356640746268
-0.12697379723945268
0.6351
0.33110541339198996
-0.43674232452897854
0.6351
0.33110541339198996
-0.43674232452897854
0.6351
0.809905610090597
-0.2346950457457584
0.6351
0.6892189624505956
0.012426857995738949
0.6351
0.3907503951402327
0.1477464771616399
0.6351
0.3047234594886239
-0.1292834905349176
0.6351
0.16287087451799143
-0.28815147781629813
0.6351
0.09577409429528605
0.22049115306646616
0.6351
0.09577409429528605
0.22049115306646616
0.6351
0.05756116749476692
0.04477426942130425
0.6351
0.8970095712297088
-0.07901486177775086
0.6351
0.7162591236283535
0.08248389889661079
0.6351
0.7626188572951267
0.18665379114051373
0.6351
0.5698156993258403
0.4795808160854971
0.6351
0.866166588213285
-0.08169693271753764
0.6351
0.6471791479484161
0.2509865886690035
0.6351
0.4532674972778752
-0.20082569383109972
0.6351
0.5040950983175301
0.058144435460939725
0.6351
0.7156164399137679
-0.23969993184906158
0.6351
0.770123089631571
-0.26619903717423066
0.6351
0.12311419884600028
0.32200870923038005
0.6351
0.508789637496885
-0.032908400060323695
0.6351
0.8226809589299471
0.20536822339828875
0.6351
0.7171768071221327
0.33260315340631363
0.6351
0.22394232350666043
-0.38710409485243114
0.6351
0.3075388667581096
-0.3494387001328796
0.6351
0.3075388667581096
-0.3494387001328796
0.6351
0.3075388667581096
-0.3494387001328796
0.6351
0.3075388667581096
-0.3494387001328796
0.6351
0.5978841545957541
0.30589038655180745
0.6351
0.8523832597122916
-0.18799268123987778
0.6351
0.19670407307749715
0.004582507683521531
0.6351
0.26802396902630865
-0.3547072311081232
0.6351
0.26802396902630865
-0.3547072311081232
0.6351
0.7641892356948863
-0.025191121593448162
0.6351
0.48046006332314795
-0.17969054484969105
0.6351
0.48046006332314795
-0.17969054484969105
0.6351
0.5795865321249316
0.025456728718807886
0.6351
0.5795865321249316
0.025456728718807886
0.6351
0.23812063241128323
0.1861170462651176
0.6351
0.10440799041754945
0.16234105993888148
0.6351
0.10440799041754945
0.16234105993888148
0.6351
0.2956497464084298
-0.4053712206099356
0.6351
0.1245247757901613
0.16798689197472605
0.6351
-0.042315162389781946
-0.02972716557519517
0.6351
0.355221725314949
0.2547975264165998
0.6351
0.5106751920919981
-0.06478139278985728
0.6351
0.5106751920919981
-0.06478139278985728
0.6351
0.8843939721311278
-0.20833959108557099
0.6351
0.42180814103264685
-0.41982327446308365
0.6351
0.16077986137554445
0.09994102405681016
0.6351
0.5758655730467965
-0.42269933418743877
0.6351
0.4834174622977545
-0.10634174028527799
0.6351
0.4834174622977545
-0.10634174028527799
0.6351
0.5817166963925646
0.09074069594034806
0.6351
0.3124966499286099
0.007023930579503013
0.6351
0.19705347444756027
-0.11086194106351788
0.6351
0.5238144394661479
-0.07148203847975676
0.6351
0.5238144394661479
-0.07148203847975676
0.6351
0.6997821143684471
0.17959770995710622
0.6351
0.08761378701028644
0.08182030577161115
0.6351
0.3131035560786468
0.00011281131389795362
0.6351
0.6712771076000301
-0.08333483487548743
0.6351
0.6464284810583862
0.3321896238054718
0.6351
0.21095327479647907
0.4264331423338057
0.6351
0.3088905404542004
-0.4041504289393034
0.6351
0.3088905404542004
-0.4041504289393034
0.6351
0.43797115123308195
-0.3190569670266692
0.6351
0.43797115123308195
-0.3190569670266692
0.6351
0.43797115123308195
-0.3190569670266692
0.6351
0.4911033926131867
-0.37739408582093725
0.6351
0.2705016725863396
0.36745398051523437
0.6351
0.18237692139189332
-0.3239055673034177
0.6351
0.18237692139189332
-0.3239055673034177
0.6351
0.2126460323560846
-0.047924725797629186
0.6351
0.2126460323560846
-0.047924725797629186
0.6351
0.8641939512358539
0.1519981131370618
0.6351
0.1904234692673148
0.246695708450146
0.6351
0.6797334200792533
0.4013573581948018
0.6351
0.7556027721514684
0.3635933176878088
0.6351
0.17129858738524217
-0.14456006645136799
0.6351
0.8685679371229045
0.035416457906917165
0.6351
0.39406707419916964
0.17310382221288934
0.6351
0.8395258495457045
-0.11188318944203823
0.6351
0.39878909716804145
-0.43859161686143344
0.6351
0.27788338729740336
0.10567440442245779
0.6351
0.4469646755319565
-0.2915897796372522
0.6351
0.4469646755319565
-0.2915897796372522
0.6351
0.4469646755319565
-0.2915897796372522
0.6351
0.5233080002661141
-0.33072401146011443
0.6351
0.18789628890495713
0.32675424998165203
0.6351
0.3298503299193245
-0.245670478313605
0.6351
0.3298503299193245
-0.245670478313605
0.6351
0.3298503299193245
-0.245670478313605
0.6351
0.7190220746653269
0.23317251998520439
0.6351
0.21669351853685614
-0.0019964567040100523
0.6351
0.21669351853685614
-0.0019964567040100523
0.6351
0.7877290390717444
0.18538559021570378
0.6351
0.5569541797963515
0.32557606124557625
0.6351
0.12803193054513606
-0.14640050581518715
0.6351
0.3785883733163158
0.21319673942562534
0.6351
0.689391059972124
-0.36451509649345004
0.6351
0.00196078906943864
-0.06504879066629488
0.6351
0.875118850984393
-0.16421586203679106
0.6351
0.11257576929308488
-0.16817978290577584
0.6351
0.35121566228276224
-0.34527640685373884
0.6351
0.35121566228276224
-0.34527640685373884
0.6351
0.35121566228276224
-0.34527640685373884
0.6351
0.600335358033711
0.22131454578104992
0.6351
-0.02126025646315921
0.07056884480547065
0.6351
0.7852799014408189
0.05843263933073661
0.6351
0.49046382868794547
0.025175390225637306
0.6351
0.2808087473436447
-0.1508582089481567
0.6351
0.6337958412061482
0.19333537440351045
0.6351
0.16968001336826655
-0.3919773399138726
0.6351
0.16968001336826655
-0.3919773399138726
0.6351
0.10034837189678214
0.08724603951258958
0.6351
0.3387223770712895
0.4493802456549094
0.6351
0.6608006202278232
0.0758258804812646
0.6351
0.6608006202278232
0.0758258804812646
0.6351
0.6608006202278232
0.0758258804812646
0.6351
0.1981637699500105
-0.22533832279891142
0.6351
0.1981637699500105
-0.22533832279891142
0.6351
0.4845924518773226
0.4160883894271079
0.6351
0.4845924518773226
0.4160883894271079
0.6351
0.3986550534880213
-0.13879767556424905
0.6351
0.5013790439658241
-0.3178214954225702
0.6351
0.2038252472947244
0.11907563923186881
0.6351
0.21491351571859152
-0.41525280018060595
0.6351
0.21491351571859152
-0.41525280018060595
0.6351
0.7876399688698592
-0.10534660901354842
0.6351
0.7818724868993068
-0.049628988825245246
0.6351
0.22371044705678922
-0.2609965740379674
0.6351
0.5665244660711586
-0.10328099553189252
0.6351
0.5665244660711586
-0.10328099553189252
0.6351
0.4339659963881932
0.05740289248132391
0.6351
0.3537461125751684
0.39855994779680337
0.6351
0.4303012018989576
-0.27643417643742696
0.6351
0.4303012018989576
-0.27643417643742696
0.6351
0.4303012018989576
-0.27643417643742696
0.6351
0.4303012018989576
-0.27643417643742696
0.6351
0.6088785268685997
-0.09528634956700577
0.6351
0.6088785268685997
-0.09528634956700577
0.6351
0.7056807979012949
-0.3304068658226855
0.6351
0.6463147319736973
-0.3067731624755361
0.6351
0.536663770369197
0.23088667289430886
0.6351
0.4132665502125652
-0.27208921959287635
0.6351
0.5236279414972844
-0.08943050044033685
0.6351
0.5236279414972844
-0.08943050044033685
0.6351
0.32054981196542665
0.4566026969315431
0.6351
0.4407951042988483
0.4169810263684166
0.6351
0.45865960967639885
-0.1819009103511584
0.6351
0.45865960967639885
-0.1819009103511584
0.6351
0.23249606905427678
0.3235266839018349
0.6351
0.3823241142099345
0.08645035471811235
0.6351
0.3216068719491143
-0.3023164516254362
0.6351
0.14746893874036182
0.2521598810800014
0.6351
0.22091729033509067
0.3410770527093052
0.6351
0.5474927731370853
0.2892403198980802
0.6351
0.2421620588231801
-0.04292041476773134
0.6351
0.5372532303276614
-0.29784734700779203
0.6351
0.46256861568778507
0.09817588991114357
0.6351
0.25796146795763675
0.0106180770889166
0.6351
0.19249192146766902
0.22689522218553737
0.6351
0.19249192146766902
0.22689522218553737
0.6351
0.9058232796332666
0.12955478049169078
0.6351
0.8749113426970005
-0.23470036936389627
0.6351
0.2798483974397772
-0.4317902342246047
0.6351
0.2798483974397772
-0.4317902342246047
0.6351
0.13689312086311167
-0.3686497515219944
0.6351
0.13689312086311167
-0.3686497515219944
0.6351
0.1571740596014597
-0.21206285912995604
0.6351
0.5214946831076228
0.04476297742825164
0.6351
0.31129411056501244
0.045767500997202726
0.6351
0.0035125851519171025
-0.09780975037618678
0.6351
0.35945510993122953
0.11068712407338843
0.6351
0.2198457408686183
-0.30067846159535505
0.6351
0.732810860117382
-0.14531597370665117
0.6351
0.0800511211429058
0.2752569724798839
0.6351
0.8548863042067973
0.012688100454248286
0.6351
0.378251780623589
-0.3403014456260023
0.6351
0.378251780623589
-0.3403014456260023
0.6351
0.378251780623589
-0.3403014456260023
0.6351
0.32174458339919076
0.21146820815510536
0.6351
0.5265299761903199
0.15600042574449668
0.6351
0.5265299761903199
0.15600042574449668
0.6351
0.08605960215608777
0.009592896036536125
0.6351
0.5347158182718608
-0.12748841771240604
0.6351
0.5347158182718608
-0.12748841771240604
0.6351
0.23935231849536387
0.4421455895270574
0.6351
0.879179851702683
-0.18838299050912455
0.6351
0.12407181484319829
-0.2431815250814422
0.6351
0.652240553393296
0.2318732262427634
0.6351
0.3544074640127566
-0.002196271952058515
0.6351
-0.04098799131218889
-0.023683642102525937
0.6351
0.7826712799173297
0.11287096269958607
0.6351
0.7510076230756759
-0.06433345015965175
0.6351
0.3268210832311873
-0.4312091939369411
0.6351
0.3268210832311873
-0.4312091939369411
0.6351
0.1648412091477518
-0.22800550558561672
0.6351
0.2625753958837762
0.1877695678194009
0.6351
0.5720832374617313
0.10043811075150488
0.6351
0.5269599174538009
-0.3523063451277588
0.6351
0.8675147924607434
-0.15109706239124243
0.6351
0.3362362727397876
-0.08389378158006022
0.6351
0.02154641135450186
-0.08632679748130978
0.6351
0.26781034626358435
0.131624745610605
0.6351
0.6578019693380814
-0.19281082327576682
0.6351
0.4982160206380617
-0.35783062083611794
0.6351
0.8456149519706138
0.1070113723321593
0.6351
0.6230657546009686
-0.45725706165817015
0.6351
-0.016046612737240062
0.09471505435420324
0.6351
0.6517403598161731
0.2591867817421356
0.6351
0.1480597146204905
0.30232853576504914
0.6351
0.6321283116955503
0.27764356126918677
0.6351
0.520182602155419
0.25691575891652607
0.6351
0.520182602155419
0.25691575891652607
0.6351
0.46606886216495336
0.0485674224252326
0.6351
0.1662635198245206
0.23332930469084334
0.6351
0.2606753434674767
0.35930770276231616
0.6351
0.48590717128583316
-0.09936337399294559
0.6351
0.1024403226773245
-0.2976408487078661
0.6351
0.5225475327772673
-0.13947637541941682
0.6351
0.5225475327772673
-0.13947637541941682
0.6351
0.05834199035347254
-0.058635430487281814
0.6351
0.5004535255075395
0.2188368068004929
0.6351
0.7101516722882029
0.31588895860169885
0.6351
0.4381516090980926
0.2172288790097161
0.6351
0.4381516090980926
0.2172288790097161
0.6351
0.4381516090980926
0.2172288790097161
0.6351
0.24623319835139768
-0.17145601202218108
0.6351
0.707810529148049
-0.19293177367155723
0.6351
0.6283656030972535
0.366361249878018
0.6351
0.6283656030972535
0.366361249878018
0.6351
0.6799761426096709
0.31356642920886446
0.6351
0.13121673837202552
0.3532949692496601
0.6351
0.20656763352833685
-0.23877648868749968
0.6351
0.5404985016182995
-0.29611413500157036
0.6351
0.8057020412037434
-0.28651311026771054
0.6351
0.6827343343972998
-0.3412868099317954
0.6351
0.40126048087857313
-0.07828620465974012
0.6351
0.5944942845069356
0.42882751933256835
0.6351
0.3794930502747842
2.156411819487225e-05
0.6351
0.5555402717451943
0.30545225168166135
0.6351
0.09119367545508927
-0.11623151797409959
0.6351
0.5268747900222508
0.42430827606329746
0.6351
0.47081750570717285
0.35010242351891807
0.6351
0.4208887787466242
-0.033946219519759735
0.6351
0.5627469389797506
-0.2878267951299387
0.6351
0.38817382930176514
0.42210794175113864
0.6351
0.5334829549100086
0.05277816246884859
0.6351
0.11342990377629425
-0.1941185704552364
0.6351
0.11342990377629425
-0.1941185704552364
0.6351
0.635240182831263
0.1756597863662981
0.6351
0.5546893523031182
0.22382103830898603
0.6351
0.5546893523031182
0.22382103830898603
0.6351
0.5546893523031182
0.22382103830898603
0.6351
0.3330694203064297
0.042317640638278364
0.6351
0.6426242113347636
-0.4421530272095273
0.6351
0.5869371505822107
0.4699914993683192
0.6351
0.41922169162127765
0.483416892209966
0.6351
0.8215784940155035
-0.009400208542533539
0.6351
0.34246792337352505
-0.3922118907852672
0.6351
0.34246792337352505
-0.3922118907852672
0.6351
0.7343809760107571
0.232268296345312
0.6351
0.026387438405973462
0.04120256120088284
0.6351
0.026387438405973462
0.04120256120088284
0.6351
-0.0044508984134628005
0.04924366847317829
0.6351
0.8394806040730314
0.29394321160421844
0.6351
0.8094775135963723
0.30615728668649234
0.6351
0.8094775135963723
0.30615728668649234
0.6351
0.28619638809108383
-0.38212658691740864
0.6351
0.28619638809108383
-0.38212658691740864
0.6351
0.28619638809108383
-0.38212658691740864
0.6351
0.7540275726728611
0.2603425128900152
0.6351
0.2269148897512867
0.08870351632213858
0.6351
0.2269148897512867
0.08870351632213858
0.6351
0.2496111442606357
0.018245189191568922
0.6351
0.5784170806317972
-0.07883562149301682
0.6351
0.20646693268265048
0.36691253354604925
0.6351
0.20646693268265048
0.36691253354604925
0.6351
0.6824189476285125
0.24805801492080892
0.6351
0.2152553661195249
0.10367806846112804
0.6351
0.2152553661195249
0.10367806846112804
0.6351
0.11867629360937526
-0.36536046047900217
0.6351
0.3964877054563338
-0.3729197286854795
0.6351
0.3964877054563338
-0.3729197286854795
0.6351
0.27473612389698254
-0.43970613650357615
0.6351
0.27473612389698254
-0.43970613650357615
0.6351
0.2036525663256139
0.012004343420672914
0.6351
0.2740534803924497
0.02870526179038757
0.6351
0.2740534803924497
0.02870526179038757
0.6351
0.5017280189562643
-0.17938457016609877
0.6351
0.5017280189562643
-0.17938457016609877
0.6351
0.6312484620471535
-0.36733534504296483
0.6351
0.23036732754941336
0.1770350726601413
0.6351
0.1832855686511088
0.2698408652685602
0.6351
0.32598171252566677
-0.22296504932771644
0.6351
0.647230622781793
-0.1416155838582136
0.6351
0.09417770766003875
0.14324655136608389
0.6351
0.09175591495715607
-0.021292184864443175
0.6351
0.45174487009799713
-0.18388587345107044
0.6351
0.45174487009799713
-0.18388587345107044
0.6351
0.45174487009799713
-0.18388587345107044
0.6351
0.08148273974492604
-0.0961912890704697
0.6351
0.2158464585989035
0.07345833281579006
0.6351
0.2158464585989035
0.07345833281579006
0.6351
0.026880757325500104
0.05387178081442534
0.6351
0.026880757325500104
0.05387178081442534
0.6351
0.7578667427775878
0.13525550062578318
0.6351
0.6540713890712708
0.2778732232636052
0.6351
0.9356444779354816
-0.08982126775083299
0.6351
0.3680005683133205
0.4444313071439916
0.6351
0.6116232036374465
-0.4271301527270137
0.6351
0.6517267637171211
0.052825094409993056
0.6351
0.6517267637171211
0.052825094409993056
0.6351
0.6517267637171211
0.052825094409993056
0.6351
0.9303917256064167
-0.10829550674113131
0.6351
0.8940155382529367
0.01451820734781406
0.6351
0.5151391301909773
0.057505518373645925
0.6351
0.5151391301909773
0.057505518373645925
0.6351
0.13148523339147467
-0.2286040799732465
0.6351
0.6369128879919583
0.20576202165808088
0.6351
0.19891034998676305
0.3808418112047607
0.6351
0.13774865568115047
-0.15144635606493684
0.6351
0.0722932624573529
0.11040731223330469
0.6351
0.5445506002505607
-0.24321120912435878
0.6351
0.5445506002505607
-0.24321120912435878
0.6351
0.17498104015382943
-0.3057932895791664
0.6351
0.21608211644628517
-0.350685203047596
0.6351
0.8297820999395698
0.05165152896664238
0.6351
0.3548933272578678
0.18613044371322118
0.6351
0.5599127648019351
-0.41780092658690937
0.6351
0.11654755085996982
0.0927591482398431
0.6351
0.22349289862946153
0.24244705078410367
0.6351
0.22349289862946153
0.24244705078410367
0.6351
0.02292241317978383
-0.13866406527072828
0.6351
0.8852114876429311
-0.10085890499769379
0.6351
0.45178142117855047
-0.12024746181121371
0.6351
0.45178142117855047
-0.12024746181121371
0.6351
0.5348746235108846
-0.012377476017621625
0.6351
0.5348746235108846
-0.012377476017621625
0.6351
0.1699657310338034
-0.3053519152839561
0.6351
0.7127735204614891
-0.19357533477355626
0.6351
0.6720627793941674
0.3807742099231013
0.6351
0.023441909764248647
-0.24872183016772342
0.6351
0.7575351865284126
-0.2998447069511605
0.6351
0.6422140826943228
0.062388025350538445
0.6351
0.6422140826943228
0.062388025350538445
0.6351
0.3656674432929834
0.4067014455190576
0.6351
0.22650125059028792
0.25215983711358914
0.6351
0.48234904488511776
0.021221094910955918
0.6351
0.48234904488511776
0.021221094910955918
0.6351
0.48234904488511776
0.021221094910955918
0.6351
0.40742178063446866
-0.39830023651096425
0.6351
0.24127704655166649
0.30658973620261265
0.6351
0.528693901181063
0.03615856620149405
0.6351
0.528693901181063
0.03615856620149405
0.6351
0.7251476028397839
-0.2152875557003111
0.6351
0.14136046041739792
0.27167468216745005
0.6351
0.08458108490255567
0.16584496804600524
0.6351
0.08458108490255567
0.16584496804600524
0.6351
0.6591527505956554
0.30248524972451407
0.6351
0.8511399508973616
-0.026906617309332193
0.6351
-0.009632210036315758
0.06548779563656715
0.6351
-0.009632210036315758
0.06548779563656715
0.6351
0.3072924676779818
-0.15923943310743005
0.6351
0.8397794986028113
-0.18660649643276428
0.6351
0.2055073459883161
0.24075999799182823
0.6351
0.17789968802203537
0.24365045645652916
0.6351
0.48177307147110815
0.034972084482878696
0.6351
0.6499762340218382
0.1902133590010413
0.6351
0.3919278293403874
-0.10981831950896659
0.6351
0.4718599389976481
-0.04789260918919602
0.6351
0.4718599389976481
-0.04789260918919602
0.6351
0.7152717865094886
0.3240367131108739
0.6351
0.547137565001071
-0.40849354829080187
0.6351
0.4354200929969503
0.12035735693839755
0.6351
0.43304021257543956
-0.48742463648295487
0.6351
0.7884196152201106
0.29276250704963447
0.6351
0.7897341649294893
0.30675443255602297
0.6351
0.8385025413589773
0.071588057437733
0.6351
0.44151467297982294
0.09470338121286881
0.6351
0.737737577910812
-0.3681625007249081
0.6351
0.6429545412962725
-0.32955681187451424
0.6351
0.23969275325896588
0.20786105135257005
0.6351
0.38437939888523953
0.06778713712480045
0.6351
0.5604940326824255
0.017554266217423953
0.6351
0.5604940326824255
0.017554266217423953
0.6351
0.5919740086715233
-0.23892280991433146
0.6351
0.27846968962746943
-0.16826364396810267
0.6351
0.08975956344978187
0.2705375649819952
0.6351
0.43220218028685364
-0.14035208353854745
0.6351
0.43220218028685364
-0.14035208353854745
0.6351
0.43220218028685364
-0.14035208353854745
0.6351
0.8869351754776451
-0.020746844581392532
0.6351
0.6637815654968355
-0.3225112156517833
0.6351
0.1578905484389692
0.1058467014037443
0.6351
0.33366700574163266
-0.3929881437833922
0.6351
0.33366700574163266
-0.3929881437833922
0.6351
0.660301822216677
0.05446749973770193
0.6351
0.660301822216677
0.05446749973770193
0.6351
0.660301822216677
0.05446749973770193
0.6351
-0.0031198736979629604
-0.0551927132804888
0.6351
-0.0031198736979629604
-0.0551927132804888
0.6351
-0.00775588718024145
0.1681438348399289
0.6351
0.15856706208387727
-0.2204635954630605
0.6351
0.28804799022897476
-0.3109073725604865
0.6351
0.6764967877317065
0.029299888465966317
0.6351
0.6764967877317065
0.029299888465966317
0.6351
0.7839029428030335
-0.12657353778217817
0.6351
0.5797823932132844
0.20453194754993165
0.6351
0.5797823932132844
0.20453194754993165
0.6351
0.5797823932132844
0.20453194754993165
0.6351
0.8811917828556362
0.12565992988338137
0.6351
0.41970469227953666
0.02641769416235973
0.6351
0.17924374822406475
-0.12412722501338092
0.6351
0.10411048797828637
0.12856593542343142
0.6351
0.10411048797828637
0.12856593542343142
0.6351
0.9340345945077615
0.07008431258785519
0.6351
0.4708478350495391
0.4520001221773482
0.6351
0.3110424828263525
0.1411832947554581
0.6351
0.5872379430771242
0.1994323903947104
0.6351
0.6428413416867016
0.23634999746529983
0.6351
0.30668765728337277
0.12809729384770097
0.6351
0.6912737238682638
-0.1309870561796056
0.6351
0.3902921468202285
0.31748633432475004
0.6351
0.5811338090348912
0.4251671248938982
0.6351
0.5811338090348912
0.4251671248938982
0.6351
0.12503995722101902
0.15642192530783383
0.6351
0.7459488924149182
0.2031568217556743
0.6351
0.10639155241793885
0.1607004926265474
0.6351
0.27623562580136096
-0.19714696614721872
0.6351
0.54431206907144
-0.36435320404557725
0.6351
0.43991448735563177
-0.2317232153676252
0.6351
0.43991448735563177
-0.2317232153676252
0.6351
0.507197614168462
0.12407897763767983
0.6351
0.48533217121878125
-0.06335712888898648
0.6351
0.48533217121878125
-0.06335712888898648
0.6351
0.31432947834244596
-0.37365505421137546
0.6351
0.31432947834244596
-0.37365505421137546
0.6351
0.31432947834244596
-0.37365505421137546
0.6351
0.5085499500034703
-0.3964553965728881
0.6351
0.6087840677583456
-0.3892722106991282
0.6351
0.507412758769872
-0.06314418998004312
0.6351
0.507412758769872
-0.06314418998004312
0.6351
0.507412758769872
-0.06314418998004312
0.6351
0.2663598813267094
0.003056079627352659
0.6351
0.38579646020146896
0.27495849051652277
0.6351
0.38579646020146896
0.27495849051652277
0.6351
0.38579646020146896
0.27495849051652277
0.6351
0.907252521829671
-0.08002587103546377
0.6351
0.47176191739972784
-0.21244550141817675
0.6351
0.47176191739972784
-0.21244550141817675
0.6351
0.47176191739972784
-0.21244550141817675
0.6351
0.23650315117334952
-0.16845092328445954
0.6351
0.6741256332834022
-0.07137126942481853
0.6351
0.6741256332834022
-0.07137126942481853
0.6351
0.8119001120090008
0.10570907758614845
0.6351
0.5147921753471183
-0.21517335016673522
0.6351
0.5147921753471183
-0.21517335016673522
0.6351
0.5147921753471183
-0.21517335016673522
0.6351
0.8743824504229536
-0.10714309773655994
0.6351
0.7326888317272209
0.3550473481462757
0.6351
0.2122421239468062
-0.0056670932756910375
0.6351
0.6271368007263687
0.03444528987721163
0.6351
0.5412535983279536
-0.09998205578510078
0.6351
0.5412535983279536
-0.09998205578510078
0.6351
0.7356427227787754
0.34391177021075037
0.6351
0.42856989055210004
-0.03078127664311836
0.6351
0.45428541067635897
0.39709590303076414
0.6351
0.26277345139862684
-0.4567427128008483
0.6351
0.26277345139862684
-0.4567427128008483
0.6351
0.6105675353046098
-0.051957765833732905
0.6351
0.5606697253627964
0.11573295885913537
0.6351
0.5606697253627964
0.11573295885913537
0.6351
0.30749475767106893
-0.3489453695847293
0.6351
0.30749475767106893
-0.3489453695847293
0.6351
0.30749475767106893
-0.3489453695847293
0.6351
0.21716534999523307
0.0038479553913455256
0.6351
0.5300936342659093
0.12802985895987362
0.6351
0.45660712657297275
-0.34681445620081774
0.6351
0.5000530143705351
0.25992935024365393
0.6351
0.41106038349128404
0.284890714208913
0.6351
0.41106038349128404
0.284890714208913
0.6351
0.41106038349128404
0.284890714208913
0.6351
0.23542534123986525
0.11389454568438606
0.6351
0.15091948374749653
-0.24779382563475427
0.6351
0.4911773700224804
0.36619258041307434
0.6351
0.5830057256238959
-0.02263788629393626
0.6351
0.4523926298207479
-0.18200729106181202
0.6351
0.4523926298207479
-0.18200729106181202
0.6351
0.4523926298207479
-0.18200729106181202
0.6351
0.018514939358100335
-0.20147274079219346
0.6351
0.5041179303711394
-0.3394406297160959
0.6351
0.39122812603003454
-0.48140822079549705
0.6351
0.6757896397749323
0.3574418137731723
0.6351
0.7666355120303379
0.15878028144803658
0.6351
0.4054210982578754
0.47778416098503107
0.6351
0.5380175330416528
-0.16879227711833988
0.6351
0.5380175330416528
-0.16879227711833988
0.6351
0.3528923479152377
-0.4204473892461471
0.6351
0.3528923479152377
-0.4204473892461471
0.6351
0.13383038270706904
0.13720318632051565
0.6351
0.6697991589135346
-0.02665493771248273
0.6351
0.06822859240954182
0.17469000784022914
0.6351
0.1455004676707623
0.03961888961913318
0.6351
0.1455004676707623
0.03961888961913318
0.6351
0.6286948822060121
0.44755383385990477
0.6351
0.12095970864181194
-0.21267585904533992
0.6351
0.2930800537476046
0.19603447584659084
0.6351
0.9409940593513366
0.020466896679525615
0.6351
0.3136697725986979
0.2454642909457676
0.6351
0.0436642613124516
0.11999864537052063
0.6351
0.7417633819199898
-0.01878438743837374
0.6351
0.12603253277953996
-0.1287928039347217
0.6351
0.6758014695294838
0.19479958202684333
0.6351
0.6115581092078566
0.18652165569771517
0.6351
0.49186769109553663
0.10984587904488174
0.6351
0.49186769109553663
0.10984587904488174
0.6351
0.7368834714385135
0.09782706151084786
0.6351
0.44960248353212684
-0.17602888761014612
0.6351
0.44960248353212684
-0.17602888761014612
0.6351
0.44960248353212684
-0.17602888761014612
0.6351
0.6659814892865132
0.332944754297958
0.6351
0.4165325411834726
0.23066295230785916
0.6351
0.4165325411834726
0.23066295230785916
0.6351
0.4165325411834726
0.23066295230785916
0.6351
0.29222049952758145
-0.25924261956354133
0.6351
0.11712288232802592
-0.1825200057190428
0.6351
0.4502719841808338
0.08338910621748119
0.6351
0.9222992108593588
0.10376032153539438
0.6351
0.4517463587801447
0.04205482813086614
0.6351
0.2460480347057581
-0.25622191238995073
0.6351
0.8836103378901854
0.10815306083726806
0.6351
0.6470631132559437
-0.3596107372840043
0.6351
0.4394218860730683
0.16635262583879484
0.6351
0.6027385485801426
0.14963503432986403
0.6351
0.6027385485801426
0.14963503432986403
0.6351
0.6027385485801426
0.14963503432986403
0.6351
0.2920452419896007
-0.37423519019625084
0.6351
0.2920452419896007
-0.37423519019625084
0.6351
0.2920452419896007
-0.37423519019625084
0.6351
0.2920452419896007
-0.37423519019625084
0.6351
0.4938516114965774
0.41560796407450273
0.6351
0.17578432858462323
0.20797561083508098
0.6351
0.1908612944169723
-0.1554799379133942
0.6351
0.500539846375303
0.011537197556645395
0.6351
0.7378180278395832
0.2474010316473425
0.6351
0.2963312309220878
0.3359199259011516
0.6351
0.7841057179654727
-0.16548775232453083
0.6351
0.3187206458487144
0.13330259933147603
0.6351
0.47551072570296515
0.35967689526137603
0.6351
0.12005658895049498
-0.1353859338490484
0.6351
0.502834391374201
-0.15000826278689505
0.6351
0.502834391374201
-0.15000826278689505
0.6351
0.8571491762795873
-0.24762527371491205
0.6351
0.6857195791211119
0.08970917529649514
0.6351
0.6857195791211119
0.08970917529649514
0.6351
0.5351683937205252
-0.40959651131462715
0.6351
0.5301881294432689
0.1601682938070892
0.6351
0.5301881294432689
0.1601682938070892
0.6351
0.6244299750828703
-0.33247754519090633
0.6351
0.507712753223208
-0.4818035257350508
0.6351
0.6500799224682763
-0.4275736643039969
0.6351
0.050997352163235865
0.0414629210191102
0.6351
0.050997352163235865
0.0414629210191102
0.6351
0.24164601065118774
0.4458168264226292
0.6351
0.664198941849335
0.28864413710880954
0.6351
0.39853618592810314
0.11495134796321316
0.6351
0.8212775145790978
0.24410729717823432
0.6351
0.3737968398524645
0.07966398998621482
0.6351
0.4624904686250648
-0.11186969418559034
0.6351
0.4624904686250648
-0.11186969418559034
0.6351
0.3980030710866276
-0.45573560275488734
0.6351
0.45544905488277454
0.47031819397987773
0.6351
0.6215542065155617
0.024382391298310102
0.6351
0.6215542065155617
0.024382391298310102
0.6351
0.4210876283769227
-0.09618514162155689
0.6351
0.34223098137797137
0.12040822208387314
0.6351
0.41390358880823364
-0.4888309511555009
0.6351
0.20843151706673058
0.42299726345566935
0.6351
0.013633757878314556
0.117898271194665
0.6351
0.013633757878314556
0.117898271194665
0.6351
0.39973309444305793
-0.17095797267837542
0.6351
0.3314008076610475
-0.38680348476594273
0.6351
0.3314008076610475
-0.38680348476594273
0.6351
0.22959799015968385
0.15838114743657883
0.6351
0.22959799015968385
0.15838114743657883
0.6351
0.9136290992053246
0.08482483750073033
0.6351
0.636287831337929
-0.15200546784208524
0.6351
0.5236220710680028
0.2522844942566034
0.6351
0.5236220710680028
0.2522844942566034
0.6351
0.5236220710680028
0.2522844942566034
0.6351
0.4137217753414768
-0.08467637638327452
0.6351
0.569722531642018
-0.28031030451498884
0.6351
0.16658726753654474
0.07215418974590904
0.6351
0.4906983976976711
-0.021897562006550242
0.6351
0.9044795206178795
0.15818911714792772
0.6351
0.12189544226038329
-0.2044567474627761
0.6351
0.15018900076310082
0.10712648189434137
0.6351
0.7386266119197893
-0.20095717901524757
0.6351
0.4837514537651444
-0.3136887697354629
0.6351
0.4837514537651444
-0.3136887697354629
0.6351
0.5178575011054971
-0.2224683465434969
0.6351
0.5178575011054971
-0.2224683465434969
0.6351
0.3930151999687932
0.31678509107191455
0.6351
0.17455965179679422
-0.2033262535929854
0.6351
0.2869080977490037
-0.4048941564921913
0.6351
0.2869080977490037
-0.4048941564921913
0.6351
0.16380886804701755
-0.33189467530971184
0.6351
0.455800162194679
0.2616083315954043
0.6351
0.5645284742509558
-0.32584361943003937
0.6351
0.5104417629515507
-0.21325823531031074
0.6351
0.5104417629515507
-0.21325823531031074
0.6351
0.7323411559133339
-0.30956187129901314
0.6351
0.4235044505372516
0.4221227093821085
0.6351
0.106186316410247
-0.33203637939638186
0.6351
0.3518904961139575
-0.19426722601266722
0.6351
0.5622889805719145
0.17900020385683013
0.6351
0.5990038652990304
0.007545680343352679
0.6351
0.41068971421764955
-0.11007868574416446
0.6351
0.4025551596980259
-0.06440247722258508
0.6351
0.8269200112112194
0.18127629935610545
0.6351
0.14266784921994513
0.30964755791818566
0.6351
0.6187126103721123
0.2023783958988068
0.6351
0.6454934800018635
-0.06948813845790336
0.6351
0.26580428121924027
0.1305210461934927
0.6351
0.6424701722737736
-0.27155551587362425
0.6351
0.5607828711917264
-0.3005273936126589
0.6351
0.4183281421466596
0.3958466539028238
0.6351
0.7223955966716524
0.39055054042957127
0.6351
0.8099682172849467
0.15522022743253783
0.6351
0.2374024931305181
-0.36868407990308016
0.6351
0.2374024931305181
-0.36868407990308016
0.6351
0.2374024931305181
-0.36868407990308016
0.6351
0.2374024931305181
-0.36868407990308016
0.6351
0.6952883332580893
-0.3820320979896621
0.6351
0.2224298378147076
-0.10388160974749239
0.6351
0.2224298378147076
-0.10388160974749239
0.6351
0.4671372014019688
0.4251466299711353
0.6351
0.6334148431773767
0.06931445094811495
0.6351
0.6334148431773767
0.06931445094811495
0.6351
0.6334148431773767
0.06931445094811495
0.6351
0.8094073323874946
-0.1627352227740153
0.6351
0.6154704015032071
-0.0976163293953538
0.6351
0.6154704015032071
-0.0976163293953538
0.6351
0.47317137770662376
-0.45304417073347825
0.6351
0.8654862574082081
-0.2670196176349413
0.6351
0.5995519857739846
0.20049123083348763
0.6351
0.5995519857739846
0.20049123083348763
0.6351
0.5995519857739846
0.20049123083348763
0.6351
0.6132650968730591
-0.32382784996047764
0.6351
0.15405336284532112
0.06180374647666653
0.6351
0.41373220851843406
0.04725169619152725
0.6351
0.3347492212221159
-0.09132634109951843
0.6351
0.35230059136516956
-0.01126026986333839
0.6351
0.89275060326095
0.07367347406274694
0.6351
0.08871516205504548
-0.32433590850329264
0.6351
0.5649759154037537
0.17831253998889496
0.6351
0.5649759154037537
0.17831253998889496
0.6351
0.12611537983906218
-0.024045974944903348
0.6351
0.31284885811054775
-0.0819734489780628
0.6351
0.10411937804606275
0.11374698973517372
0.6351
0.06263470038221697
-0.0469230075775533
0.6351
0.06263470038221697
-0.0469230075775533
0.6351
0.7390458354015335
-0.29153961316190613
0.6351
0.00352081422289241
-0.1786333727497389
0.6351
0.00352081422289241
-0.1786333727497389
0.6351
0.6601389843867156
-0.17440101327739654
0.6351
0.5250123828463569
0.23348198311017088
0.6351
0.45438294492613274
0.2882650280639456
0.6351
0.4571287998099389
0.4386476265139605
0.6351
0.08539489031772418
0.06861409449714984
0.6351
0.7086991403213161
-0.23704244716212486
0.6351
0.6787405321989899
-0.21555253984749267
0.6351
0.6550310772331351
-0.4389979567521185
0.6351
0.8819191672964273
0.19460040134886758
0.6351
0.841228710362717
0.023504857182619965
0.6351
0.12586656079524094
-0.04377442282125599
0.6351
0.3114074982896373
-0.3980187399238355
0.6351
0.3114074982896373
-0.3980187399238355
0.6351
0.17656698949976923
-0.1609491297156982
0.6351
0.11276678065392542
0.2088321370508428
0.6351
0.9296733297588642
-0.11233049138443518
0.6351
0.5322135765040175
-0.20567031761797105
0.6351
0.5322135765040175
-0.20567031761797105
0.6351
0.7557681081861756
-0.11732258576368748
0.6351
0.21286226922197038
0.3949939865737373
0.6351
0.01893669017637878
0.210452446570778
0.6351
0.5823235728532588
0.45083593379371
0.6351
0.26759646925648384
0.34670405057008824
0.6351
0.0009207926058658611
0.11203102508547302
0.6351
0.23775832805667463
-0.0318655525162066
0.6351
0.33849929412379964
-0.4510171672740104
0.6351
0.33849929412379964
-0.4510171672740104
0.6351
0.6678403121376337
0.1678893575858793
0.6351
0.912003668012846
0.05559845290358356
0.6351
0.11214777019802735
0.050090743205756016
0.6351
0.3027369605374808
0.4694809942286511
0.6351
0.23885972208367923
0.4304074718867188
0.6351
0.5725672535669892
-0.36713746587759233
0.6351
0.14741908769074064
-0.06902964714461834
0.6351
0.16636788803176095
-0.05344872623316932
0.6351
0.12946823057959578
0.17157692531394897
0.6351
0.12946823057959578
0.17157692531394897
0.6351
0.47129014669719704
0.49006625929716696
0.6351
0.42037860637129487
0.18745971618613155
0.6351
0.3045875258469215
0.002777533633786522
0.6351
0.13081141048204725
0.12205223511971686
0.6351
0.13081141048204725
0.12205223511971686
0.6351
0.6136802505771235
-0.07520279800272767
0.6351
0.6136802505771235
-0.07520279800272767
0.6351
0.17049593068948576
-0.03484542404540236
0.6351
0.7896831788727292
0.2975717395347086
0.6351
0.5142509250328262
-0.41467650156660274
0.6351
-0.016636801840856696
-0.07671968478328473
0.6351
0.823013168304799
-0.23204914687685885
0.6351
0.4017746086652263
0.03546378211392964
0.6351
0.07437025518569484
-0.08577281296636041
0.6351
0.07437025518569484
-0.08577281296636041
0.6351
0.7970077979368115
-0.19314849361328168
0.6351
0.9234549242325694
-0.07336214455352796
0.6351
0.7302856722602713
0.3380127623793585
0.6351
0.3311002485754384
0.0207035288016737
0.6351
0.802238091170363
0.31307199746437697
0.6351
0.1010780523565904
-0.18934697214118024
0.6351
0.12555586424902132
-0.37309646473626246
0.6351
0.30814179302577527
0.4702242058318744
0.6351
0.90171454094364
-0.14488790393996087
0.6351
0.39385657771056093
0.26743234284668027
0.6351
0.39385657771056093
0.26743234284668027
0.6351
0.27661534649879904
-0.25868947735065895
0.6351
0.6040332687100449
-0.1514423469581958
0.6351
0.6040332687100449
-0.1514423469581958
0.6351
0.09139187602031762
-0.06488367414291041
0.6351
0.7037242667964476
-0.21323489137491292
0.6351
-0.013429692591198972
0.09128004073782936
0.6351
0.2829412548411858
0.040186020801344924
0.6351
0.2829412548411858
0.040186020801344924
0.6351
0.29756227437579197
0.14509516726498228
0.6351
0.2160461429349927
-0.4236932183516793
0.6351
0.756429141334124
0.025720213180638662
0.6351
0.6231160942020109
0.24305275379107427
0.6351
0.45146341809720214
0.3586235246006404
0.6351
0.7639513140988774
-0.04212636183157725
0.6351
0.030522374864884183
-0.21068540684125492
0.6351
0.3001917405584984
0.2834958320168417
0.6351
0.2298575677593211
0.28772648659114486
0.6351
0.30953290532877054
-0.20417063348528885
0.6351
0.6316765466568723
-0.2644738589614759
0.6351
0.3756735153805917
0.46762987286691327
0.6351
0.5509072770387535
-0.3376464886546644
0.6351
0.4364810075947472
0.3021273399800981
0.6351
0.42255817560708286
0.1872187444454554
0.6351
0.8625760382033405
0.24962753049538589
0.6351
0.4680062329002077
0.3298914844316154
0.6351
0.36178625884309334
0.18174861986299184
0.6351
0.2728194448442818
0.4112409720747141
0.6351
0.5785899674510468
-0.17636901481468836
0.6351
0.5785899674510468
-0.17636901481468836
0.6351
-0.012194691412142022
-0.019644470924495394
0.6351
0.4545922402079767
-0.34673805012853776
0.6351
0.4545922402079767
-0.34673805012853776
0.6351
0.4545922402079767
-0.34673805012853776
0.6351
0.7342497893562017
-0.14386051381621345
0.6351
0.16373232615281386
-0.031168396048853575
0.6351
0.16875916491887577
-0.33515431693847497
0.6351
0.3040383852567523
0.08781273882407703
0.6351
0.6246381738927314
-0.2558117493719656
0.6351
0.6380449817887381
-0.2531796457319513
0.6351
0.19701260256390674
0.2528611105852323
0.6351
0.028673880136508956
0.03410315706321132
0.6351
0.03316261398988707
0.07783056386350107
0.6351
0.03316261398988707
0.07783056386350107
0.6351
0.9094102975949807
-0.16682325271695997
0.6351
0.7195418718908915
-0.40866209983071045
0.6351
0.7492617555552701
0.3139099089760875
0.6351
0.25590141185192583
0.2029925374231214
0.6351
0.32159461977952364
0.41173573718143475
0.6351
0.1747196259460415
0.03744405052732591
0.6351
0.8218131351722797
-0.3187705496854121
0.6351
0.5755713686662778
-0.455604533587439
0.6351
-0.014211860822512135
-0.09467356069741872
0.6351
0.7545583199708805
0.09152706430085789
0.6351
0.003185854556701395
0.1753967504250813
0.6351
0.5671120094518607
-0.3421428609612609
0.6351
0.208729973599584
0.0915954407405688
0.6351
0.8974555599542624
-0.1861482750643355
0.6351
0.6594441298066165
-0.05218615730616549
0.6351
0.2904310990483172
-0.08606148735036112
0.6351
0.24501717729807426
0.40530277070333565
0.6351
0.26246310640051407
0.10572689406341906
0.6351
0.5533617485596483
0.03151147235699292
0.6351
0.5533617485596483
0.03151147235699292
0.6351
0.7857488638718524
0.17388431277874083
0.6351
0.2186541592286646
0.02215891916033441
0.6351
0.4856281802385789
0.2271082479613562
0.6351
0.7124174372201608
0.14706144305733115
0.6351
0.8200878060634911
-0.22135015789839518
0.6351
0.22891502572473255
-0.31471314579185705
0.6351
0.5612940924955547
0.09959585185471198
0.6351
0.5612940924955547
0.09959585185471198
0.6351
0.030380752001728295
0.2197094259899821
0.6351
0.17126609851108476
0.27989031460317415
0.6351
0.4843673464661369
-0.2713405445753825
0.6351
0.4843673464661369
-0.2713405445753825
0.6351
0.4843673464661369
-0.2713405445753825
0.6351
0.7126787726132178
-0.07590825537359258
0.6351
0.8950789509475838
0.03914906141398489
0.6351
0.3911356641532855
-0.23608757165459227
0.6351
0.6333746739410169
0.38618342056636235
0.6351
0.6333746739410169
0.38618342056636235
0.6351
0.32280772586940265
-0.3800860489301854
0.6351
0.32280772586940265
-0.3800860489301854
0.6351
0.4518707045562542
-0.38653290801326934
0.6351
-0.019463302141090155
0.06446064961089171
0.6351
0.010516156717033764
-0.022134258570153165
0.6351
0.24967353172860518
0.29441327891092217
0.6351
0.6138114836936845
0.1126584330361926
0.6351
0.6138114836936845
0.1126584330361926
0.6351
0.6138114836936845
0.1126584330361926
0.6351
0.01682660989431084
0.10875906388505574
0.6351
0.8585754879114929
0.24800998119053297
0.6351
0.5472742209866817
-0.24192969502999584
0.6351
0.2482867340456809
-0.4384463849339435
0.6351
0.2482867340456809
-0.4384463849339435
0.6351
0.01059502554296654
0.09229913480455965
0.6351
0.4405571633865202
0.4941107022166591
0.6351
0.5452371463475412
0.1115517245999691
0.6351
0.5452371463475412
0.1115517245999691
0.6351
-0.03217828779531717
-0.08796046853077288
0.6351
0.47011755711101966
-0.27167740633220583
0.6351
0.47011755711101966
-0.27167740633220583
0.6351
0.47011755711101966
-0.27167740633220583
0.6351
0.7740089959062577
-0.12156032744665324
0.6351
0.2302081687705706
-0.10535490258132074
0.6351
0.8544068509790721
0.03108810452205968
0.6351
0.22826599818724502
0.42605315634722807
0.6351
0.7909513544635784
0.08848229774934513
0.6351
0.7775939967617223
-0.235582138793629
0.6351
0.051570856124536046
-0.26013463920778546
0.6351
0.051570856124536046
-0.26013463920778546
0.6351
0.4658916686569925
0.20954245182760922
0.6351
0.27935427164069426
0.2591534794417356
0.6351
0.6233098508600918
-0.10059475221842473
0.6351
0.6233098508600918
-0.10059475221842473
0.6351
0.8292848913576969
-0.28379259329813045
0.6351
0.537875485771979
-0.09485898027892503
0.6351
0.537875485771979
-0.09485898027892503
0.6351
0.7129845091134053
-0.01419230380040215
0.6351
0.9118925291276585
0.08371752799030308
0.6351
0.4757513851150603
-0.44000099866010833
0.6351
0.9181132659397786
-0.037121264945159105
0.6351
0.18806672455375906
-0.22354159866336198
0.6351
0.22576932879816236
0.21048187903499693
0.6351
0.22576932879816236
0.21048187903499693
0.6351
0.6672165899578042
0.2013762136771604
0.6351
0.0985044996878488
-0.322883262543205
0.6351
0.3693375418774578
-0.10201606157362009
0.6351
0.38601281436993307
0.32902950421935717
0.6351
0.0459084710373161
-0.007040095397166102
0.6351
0.5800038447929685
-0.291051961553648
0.6351
0.3388912368861059
-0.0417923798896338
0.6351
0.46107016421887104
0.11586439720801178
0.6351
0.31553688984947836
-0.22631399856301448
0.6351
0.31553688984947836
-0.22631399856301448
0.6351
0.683596490462949
-0.1916253474894405
0.6351
0.616290612421559
0.15035587232142178
0.6351
0.616290612421559
0.15035587232142178
0.6351
0.6790142742195246
0.3950497839978584
0.6351
0.2903094629988565
0.23616342305820814
0.6351
0.4447551377979797
-0.2292952227198144
0.6351
0.4447551377979797
-0.2292952227198144
0.6351
0.4447551377979797
-0.2292952227198144
0.6351
0.21589526243667945
-0.33244964291916945
0.6351
0.7506617581194672
0.15538990605504543
0.6351
0.27971274404616686
-0.20477100056958264
0.6351
0.8949791744407061
0.1738944888312497
0.6351
0.7800508407565279
-0.35269406219172583
0.6351
0.6523359327784042
0.4443624919180704
0.6351
0.5790026789443334
0.19447965716853233
0.6351
0.828174930362148
-0.10079148322465392
0.6351
0.8702117815683681
-0.046590278158171516
0.6351
0.6075659386881518
0.09735010617434847
0.6351
0.6075659386881518
0.09735010617434847
0.6351
0.6075659386881518
0.09735010617434847
0.6351
0.25586491351071716
0.18726814331415964
0.6351
0.6547951523122553
-0.1545445840389812
0.6351
0.6187162155001349
0.42628737600261246
0.6351
0.3670891695494214
0.4017469337245494
0.6351
0.874872199789108
0.22170574725889636
0.6351
0.845663686875626
-0.08869445004444398
0.6351
0.19827252853906807
-0.25295040238055977
0.6351
0.4040318713989304
-0.33358512271042917
0.6351
0.4040318713989304
-0.33358512271042917
0.6351
0.4040318713989304
-0.33358512271042917
0.6351
0.17595273905510833
0.3448056049160686
0.6351
0.5539076702030759
0.09211142003375916
0.6351
0.5539076702030759
0.09211142003375916
0.6351
0.5671625079413287
-0.3449501814625451
0.6351
0.6508436208728983
-0.2241342966381168
0.6351
0.601782267797512
0.3522321855734043
0.6351
0.5357085188846771
0.4442043848824895
0.6351
0.844678580853635
-0.25111215310051826
0.6351
0.7091156256046749
-0.24031485145869258
0.6351
0.7325940968606719
0.028213045982792284
0.6351
0.39226770452736215
-0.3867656875972443
0.6351
0.870774852096249
-0.039651223329946195
0.6351
0.09432757950125237
0.3213304166022173
0.6351
0.6910064791932675
0.12435171629563779
0.6351
0.3848838348695205
0.04325998247552665
0.6351
0.8154431881604833
-0.21618661467165623
0.6351
0.5870466617461323
0.40528952101497717
0.6351
0.5706206405378034
-0.14023542841524472
0.6351
0.5706206405378034
-0.14023542841524472
0.6351
0.5746128106754023
0.2648724608592181
0.6351
0.5959301004694537
0.45124390170447204
0.6351
0.23725346586703866
-0.28726432005161784
0.6351
0.2275206582382756
-0.11919148150766334
0.6351
0.3730999002022357
0.3681466179863251
0.6351
0.7297808909067858
-0.19559501833014226
0.6351
0.4114375802185999
-0.03252900025680838
0.6351
0.02978701940637274
-0.18475884950464017
0.6351
0.5519684111010641
-0.276575994521679
0.6351
0.7039651881151365
0.1421838010608616
0.6351
0.4878467693606907
-0.13584595576103586
0.6351
0.4878467693606907
-0.13584595576103586
0.6351
0.008355900003635286
-0.12308875139609077
0.6351
0.3025293578130501
-0.4015095492009044
0.6351
0.3025293578130501
-0.4015095492009044
0.6351
0.3849416657175948
-0.21508533252215334
0.6351
0.5469024293566609
-0.1916898933330975
0.6351
0.5469024293566609
-0.1916898933330975
0.6351
0.3285302733986104
0.10260478076027346
0.6351
0.21955977705951213
-0.012772996873799958
0.6351
0.21955977705951213
-0.012772996873799958
0.6351
0.6540439462125427
-0.10875010310752864
0.6351
0.3467057290094475
0.16596762942606036
0.6351
0.36948106852720164
-0.18949639291761988
0.6351
0.5849510482133702
0.46206709625833264
0.6351
0.5849510482133702
0.46206709625833264
0.6351
-0.00899334144857078
-0.04263816800295395
0.6351
0.807341737903511
0.08555873085685017
0.6351
0.8159129032065484
-0.2817884361702787
0.6351
0.7387511952089878
-0.17041249475496678
0.6351
0.80000729139174
-0.2593655312955523
0.6351
0.5896900193132748
0.22747381933894228
0.6351
0.5896900193132748
0.22747381933894228
0.6351
0.5896900193132748
0.22747381933894228
0.6351
